[1,["beYk8K0o1ISZ0MUc97pLBe@73b7f","beYk8K0o1ISZ0MUc97pLBe@d20e9","beYk8K0o1ISZ0MUc97pLBe@e873a","f6SJZOjTJB/JrJeh5xTdF7","beYk8K0o1ISZ0MUc97pLBe@46262","beYk8K0o1ISZ0MUc97pLBe@45813","beYk8K0o1ISZ0MUc97pLBe@438fe","beYk8K0o1ISZ0MUc97pLBe@1f586","beYk8K0o1ISZ0MUc97pLBe@cf367"],["_parent","node","mainTexture","normalMap","_effectAsset","root","data","_mesh","_skeleton","_defaultClip"],[["cc.Node",["_name","_prefab","_children","_parent","_lpos","_components","_lrot","_euler"],2,4,2,1,5,9,5,5],["cc.Skeleton",["_name","_hash","_joints","_bindposes"],0,12],["cc.Mesh",["_native","_hash","_struct"],1,11],["cc.Material",["_states","_defines","_props"],1,12],["cc.Prefab",["_name"],2],["cc.Node",["_name","_parent","_children","_prefab","_lpos","_lrot","_euler"],2,1,9,4,5,5,5],["cc.SkeletalAnimation",["node","__prefab","_clips","_defaultClip"],3,1,4,3,6],["cc.CompPrefabInfo",["fileId"],2],["cc.PrefabInfo",["fileId","instance","targetOverrides","nestedPrefabInstanceRoots","root","asset"],-1,1,1],["cc.SkinnedMeshRenderer",["node","__prefab","_materials","bakeSettings","_skinningRoot","_mesh","_skeleton"],3,1,4,3,4,1,6,6],["cc.ModelBakeSettings",[],3]],[[8,0,1,2,3,4,5,5],[0,0,3,2,1,4,6,7,2],[0,0,3,1,4,2],[5,0,1,2,3,4,5,6,2],[0,0,2,1,4,6,7,2],[7,0,2],[1,0,1,2,3,4],[2,0,1,2,3],[3,0,1,2,3],[4,0,2],[0,0,2,5,1,2],[0,0,3,5,1,2],[6,0,1,2,3,1],[9,0,1,2,3,4,5,6,1],[10,1]],[[[[6,"Skin-0",1367305318,["mixamorig:Hips/mixamorig:RightUpLeg","mixamorig:Hips/mixamorig:RightUpLeg/mixamorig:RightLeg","mixamorig:Hips/mixamorig:Spine/mixamorig:Spine1/mixamorig:Spine2/mixamorig:Neck","mixamorig:Hips/mixamorig:Spine/mixamorig:Spine1/mixamorig:Spine2/mixamorig:Neck/mixamorig:Head","mixamorig:Hips/mixamorig:Spine/mixamorig:Spine1/mixamorig:Spine2","mixamorig:Hips/mixamorig:Spine/mixamorig:Spine1/mixamorig:Spine2/mixamorig:RightShoulder","mixamorig:Hips/mixamorig:Spine/mixamorig:Spine1/mixamorig:Spine2/mixamorig:RightShoulder/mixamorig:RightArm","mixamorig:Hips/mixamorig:Spine/mixamorig:Spine1","mixamorig:Hips/mixamorig:Spine","mixamorig:Hips/mixamorig:LeftUpLeg","mixamorig:Hips","mixamorig:Hips/mixamorig:RightUpLeg/mixamorig:RightLeg/mixamorig:RightFoot","mixamorig:Hips/mixamorig:RightUpLeg/mixamorig:RightLeg/mixamorig:RightFoot/mixamorig:RightToeBase","mixamorig:Hips/mixamorig:Spine/mixamorig:Spine1/mixamorig:Spine2/mixamorig:RightShoulder/mixamorig:RightArm/mixamorig:RightForeArm","mixamorig:Hips/mixamorig:Spine/mixamorig:Spine1/mixamorig:Spine2/mixamorig:RightShoulder/mixamorig:RightArm/mixamorig:RightForeArm/mixamorig:RightHand/mixamorig:RightHandIndex1","mixamorig:Hips/mixamorig:Spine/mixamorig:Spine1/mixamorig:Spine2/mixamorig:RightShoulder/mixamorig:RightArm/mixamorig:RightForeArm/mixamorig:RightHand","mixamorig:Hips/mixamorig:Spine/mixamorig:Spine1/mixamorig:Spine2/mixamorig:RightShoulder/mixamorig:RightArm/mixamorig:RightForeArm/mixamorig:RightHand/mixamorig:RightHandThumb1","mixamorig:Hips/mixamorig:Spine/mixamorig:Spine1/mixamorig:Spine2/mixamorig:RightShoulder/mixamorig:RightArm/mixamorig:RightForeArm/mixamorig:RightHand/mixamorig:RightHandThumb1/mixamorig:RightHandThumb2","mixamorig:Hips/mixamorig:Spine/mixamorig:Spine1/mixamorig:Spine2/mixamorig:RightShoulder/mixamorig:RightArm/mixamorig:RightForeArm/mixamorig:RightHand/mixamorig:RightHandThumb1/mixamorig:RightHandThumb2/mixamorig:RightHandThumb3","mixamorig:Hips/mixamorig:Spine/mixamorig:Spine1/mixamorig:Spine2/mixamorig:RightShoulder/mixamorig:RightArm/mixamorig:RightForeArm/mixamorig:RightHand/mixamorig:RightHandIndex1/mixamorig:RightHandIndex2","mixamorig:Hips/mixamorig:Spine/mixamorig:Spine1/mixamorig:Spine2/mixamorig:RightShoulder/mixamorig:RightArm/mixamorig:RightForeArm/mixamorig:RightHand/mixamorig:RightHandIndex1/mixamorig:RightHandIndex2/mixamorig:RightHandIndex3","mixamorig:Hips/mixamorig:LeftUpLeg/mixamorig:LeftLeg","mixamorig:Hips/mixamorig:LeftUpLeg/mixamorig:LeftLeg/mixamorig:LeftFoot","mixamorig:Hips/mixamorig:Spine/mixamorig:Spine1/mixamorig:Spine2/mixamorig:LeftShoulder","mixamorig:Hips/mixamorig:Spine/mixamorig:Spine1/mixamorig:Spine2/mixamorig:LeftShoulder/mixamorig:LeftArm","mixamorig:Hips/mixamorig:LeftUpLeg/mixamorig:LeftLeg/mixamorig:LeftFoot/mixamorig:LeftToeBase","mixamorig:Hips/mixamorig:Spine/mixamorig:Spine1/mixamorig:Spine2/mixamorig:LeftShoulder/mixamorig:LeftArm/mixamorig:LeftForeArm","mixamorig:Hips/mixamorig:Spine/mixamorig:Spine1/mixamorig:Spine2/mixamorig:LeftShoulder/mixamorig:LeftArm/mixamorig:LeftForeArm/mixamorig:LeftHand","mixamorig:Hips/mixamorig:Spine/mixamorig:Spine1/mixamorig:Spine2/mixamorig:LeftShoulder/mixamorig:LeftArm/mixamorig:LeftForeArm/mixamorig:LeftHand/mixamorig:LeftHandIndex1","mixamorig:Hips/mixamorig:Spine/mixamorig:Spine1/mixamorig:Spine2/mixamorig:LeftShoulder/mixamorig:LeftArm/mixamorig:LeftForeArm/mixamorig:LeftHand/mixamorig:LeftHandThumb1","mixamorig:Hips/mixamorig:Spine/mixamorig:Spine1/mixamorig:Spine2/mixamorig:LeftShoulder/mixamorig:LeftArm/mixamorig:LeftForeArm/mixamorig:LeftHand/mixamorig:LeftHandThumb1/mixamorig:LeftHandThumb2","mixamorig:Hips/mixamorig:Spine/mixamorig:Spine1/mixamorig:Spine2/mixamorig:LeftShoulder/mixamorig:LeftArm/mixamorig:LeftForeArm/mixamorig:LeftHand/mixamorig:LeftHandThumb1/mixamorig:LeftHandThumb2/mixamorig:LeftHandThumb3","mixamorig:Hips/mixamorig:Spine/mixamorig:Spine1/mixamorig:Spine2/mixamorig:LeftShoulder/mixamorig:LeftArm/mixamorig:LeftForeArm/mixamorig:LeftHand/mixamorig:LeftHandIndex1/mixamorig:LeftHandIndex2","mixamorig:Hips/mixamorig:Spine/mixamorig:Spine1/mixamorig:Spine2/mixamorig:LeftShoulder/mixamorig:LeftArm/mixamorig:LeftForeArm/mixamorig:LeftHand/mixamorig:LeftHandIndex1/mixamorig:LeftHandIndex2/mixamorig:LeftHandIndex3"],[[[7,-0.998993992805481,-0.044843900948762894,-9.682180187806089e-13,0,0.044839825481176376,-0.9989039897918701,-0.013451100327074528,0,0.0006031992961652577,-0.01343756727874279,0.9999099969863892,0,-0.11384832113981247,1.0816270112991333,0.012284469790756702,1],[7,-0.9999679923057556,0.007951670326292515,0.00036024299333803356,0,-0.007959099486470222,-0.9982450008392334,-0.05868950113654137,0,-0.00010706870671128854,-0.058690547943115234,0.9982759952545166,0,-0.0821954607963562,0.6005493998527527,0.039504438638687134,1],[7,1,0,0,0,0,1,0,0,0,0,1,0,-0.0003544999926816672,-1.6276085376739502,0.02900570072233677,1],[7,1,0,0,0,0,1,0,0,0,0,1,0,-0.0003544999926816672,-1.6791409254074097,0.008890730328857899,1],[7,1,0,0,0,0,0.9982119798660278,0.05977879837155342,0,0,-0.05977879837155342,0.9982119798660278,0,-0.0003544999926816672,-1.4798697233200073,-0.06834264099597931,1],[7,-0.010067392140626907,-0.9835930466651917,0.1801227480173111,0,0.059798046946525574,-0.18040169775485992,-0.9817740321159363,0,0.9981600046157837,0.0008870839956216514,0.0606331005692482,0,-0.06836870312690735,0.19841264188289642,1.5995807647705078,1],[7,-0.04933841526508331,-0.9986419677734375,-0.016741741448640823,0,0.0525461807847023,0.014143608510494232,-0.9985179901123047,0,0.9973989725112915,-0.05014503002166748,0.05177696794271469,0,-0.0680437907576561,-0.30549362301826477,1.5701663494110107,1],[7,1,0,0,0,0,0.9982119798660278,0.05977879837155342,0,0,-0.05977879837155342,0.9982119798660278,0,-0.0003544999926816672,-1.3495920896530151,-0.06834264099597931,1],[7,1,0,0,0,0,0.9982119798660278,0.05977889895439148,0,0,-0.05977889895439148,0.9982119798660278,0,-0.0003544999926816672,-1.2355995178222656,-0.06834276020526886,1],[7,-0.998993992805481,0.044846098870038986,3.120276931799226e-14,0,-0.04484429955482483,-0.9989529848098755,-0.009008379653096199,0,-0.00040399105637334287,-0.008999316953122616,0.9999589920043945,0,0.11456099897623062,1.0816398859024048,0.007344359997659922,1],[7,1,0,0,0,0,1,0,0,0,0,1,0,-0.0003544999926816672,-1.139941930770874,-0.0001986639981623739,1],[7,-0.9919690489768982,0.1127379983663559,0.05733880028128624,0,-0.015283389016985893,-0.5568550229072571,0.830469012260437,0,0.12555484473705292,0.8229230046272278,0.5541059970855713,0,-0.07656891644001007,0.10090304166078568,-0.07345151901245117,1],[7,-0.9935290217399597,0.08776310086250305,-0.07209029793739319,0,-0.07464879751205444,-0.026224108412861824,0.9968649744987488,0,0.0855974406003952,0.9957960247993469,0.032605838030576706,0,-0.07111868262290955,-0.12018503993749619,-0.016911474987864494,1],[7,0.07020218670368195,-0.9973820447921753,0.017315249890089035,0,0.050482556223869324,-0.013783611357212067,-0.9986299872398376,0,0.9962549805641174,0.07098004966974258,0.0493827685713768,0,0.01095093134790659,-0.6072326302528381,1.5918225049972534,1],[7,-0.011527961120009422,-0.9963620901107788,-0.08443894982337952,0,-0.026991380378603935,0.08472384512424469,-0.996039092540741,0,0.9995689988136292,-0.009203176945447922,-0.02786989137530327,0,0.03436752408742905,-1.2623525857925415,1.4733608961105347,1],[7,0.11558597534894943,-0.9932969808578491,-0.001305786776356399,0,-0.026978136971592903,-0.0018252205336466432,-0.9996340274810791,0,0.9929310083389282,0.11557898670434952,-0.02700825408101082,0,0.1783282607793808,-0.9882850646972656,1.5732251405715942,1],[7,0.6146222949028015,-0.7142468690872192,0.3347993791103363,0,-0.022106915712356567,-0.4398593008518219,-0.897794783115387,0,0.7885118126869202,0.5444028973579407,-0.28613728284835815,0,0.6581960320472717,-0.06902604550123215,1.7436645030975342,1],[7,0.614622175693512,-0.6863269805908203,0.3888380527496338,0,-0.02210719883441925,-0.5077289938926697,-0.8612329363822937,0,0.7885118722915649,0.5207369923591614,-0.32723402976989746,0,0.6522426605224609,0.01865486614406109,1.7474220991134644,1],[7,0.6146221160888672,-0.7181849479675293,0.3262661397457123,0,-0.022107098251581192,-0.4291321039199829,-0.9029709100723267,0,0.7885119318962097,0.5477729439735413,-0.279631108045578,0,0.6539508700370789,-0.17920613288879395,1.7383731603622437,1],[7,-0.011527985334396362,-0.9999170303344727,-0.005711567588150501,0,-0.026991400867700577,0.006021033972501755,-0.9996179938316345,0,0.9995689988136292,-0.011369412764906883,-0.027058593928813934,0,0.03601079806685448,-1.1803234815597534,1.5711930990219116,1],[7,-0.011527924798429012,-0.9887117147445679,0.1493852138519287,0,-0.026991387829184532,-0.14903301000595093,-0.9884636402130127,0,0.9995689988136292,-0.015427051112055779,-0.024968665093183517,0,0.03781957924365997,-0.9588798880577087,1.7409088611602783,1],[7,-0.9999679923057556,-0.007949129678308964,-0.00043698400259017944,0,0.007960804738104343,-0.9979259967803955,-0.06388050317764282,0,0.00007171669858507812,-0.06388199329376221,0.9979569911956787,0,0.08290309458971024,0.6004864573478699,0.04036575183272362,1],[7,-0.9919869303703308,-0.11286700516939163,-0.05677672103047371,0,0.0159250907599926,-0.557500958442688,0.8300238847732544,0,-0.12533538043498993,0.8224680423736572,0.5548311471939087,0,0.07717340439558029,0.10127058625221252,-0.07323689013719559,1],[7,-0.011868198402225971,0.9835930466651917,-0.18001298606395721,0,-0.05979979783296585,-0.18040160834789276,-0.9817740321159363,0,-0.9981399774551392,-0.0008871485479176044,0.060959700495004654,0,0.06837945431470871,0.19766350090503693,1.5997177362442017,1],[7,-0.05108822137117386,0.9985520243644714,0.01683160290122032,0,-0.052557144314050674,0.014142067171633244,-0.9985179901123047,0,-0.9973099827766418,-0.051897112280130386,0.05175859108567238,0,0.06808491796255112,-0.30625084042549133,1.570154070854187,1],[7,-0.9935619831085205,-0.09001079946756363,0.06879530847072601,0,0.07147624343633652,-0.026903996244072914,0.9970790147781372,0,-0.08789708465337753,0.9955769777297974,0.03316441550850868,0,0.07209549099206924,-0.11941937357187271,-0.016811799257993698,1],[7,0.07675927877426147,0.9968940019607544,-0.017621491104364395,0,-0.050322674214839935,-0.013777554035186768,-0.9986379742622375,0,-0.9957789778709412,0.07754149287939072,0.04910880699753761,0,-0.016517071053385735,-0.6072471737861633,1.5920848846435547,1],[7,0.11081407964229584,0.9938229918479919,0.00600867485627532,0,0.05053839460015297,0.00040311802877113223,-0.9987220168113708,0,-0.9925550818443298,0.11097615212202072,-0.0501815602183342,0,-0.20946408808231354,-0.9932645559310913,1.5666728019714355,1],[7,0.008324310183525085,0.9978460073471069,0.06507558375597,0,0.0502309687435627,0.06457841396331787,-0.9966479539871216,0,-0.9987030029296875,0.01156521588563919,-0.04958519712090492,0,-0.0928521379828453,-1.2325873374938965,1.4964230060577393,1],[7,0.6191807985305786,0.7190128564834595,-0.3156512677669525,0,0.04311903193593025,-0.432502418756485,-0.9006008505821228,0,-0.7840631604194641,0.5440248847007751,-0.29880020022392273,0,-0.6952427625656128,-0.08401705324649811,1.7292877435684204,1],[7,0.6191807985305786,0.6878587603569031,-0.37876826524734497,0,0.043118916451931,-0.5114105939865112,-0.8582537770271301,0,-0.7840632200241089,0.5150827765464783,-0.3463152050971985,0,-0.6893256306648254,0.0264070276170969,1.7338887453079224,1],[7,0.6191809773445129,0.7385591268539429,-0.2667299509048462,0,0.04311971738934517,-0.37114256620407104,-0.9275740385055542,0,-0.7840629816055298,0.5628350973129272,-0.2616509795188904,0,-0.6898203492164612,-0.2880011200904846,1.7098926305770874,1],[7,0.008324322290718555,0.9998800158500671,0.013067491352558136,0,0.05023098364472389,0.012633325532078743,-0.9986580014228821,0,-0.9987030029296875,0.008969541639089584,-0.050119798630476,0,-0.09434925019741058,-1.1912407875061035,1.5605194568634033,1],[7,0.008324330672621727,0.9812110662460327,-0.19275818765163422,0,0.05023094639182091,-0.19293175637722015,-0.9799259901046753,0,-0.9987030029296875,-0.001525197527371347,-0.05089319869875908,0,-0.09575950354337692,-0.8809439539909363,1.779625415802002,1]],8,8,8,8,8,8,8,8,8,8,8,8,8,8,8,8,8,8,8,8,8,8,8,8,8,8,8,8,8,8,8,8,8,8]]],0,0,[],[],[]],[[[7,".bin",2631631963,[{"primitives":[{"primitiveMode":7,"jointMapIndex":0,"vertexBundelIndices":[0],"indexView":{"offset":252720,"length":35796,"count":17898,"stride":2}}],"vertexBundles":[{"view":{"offset":0,"length":252720,"count":3510,"stride":72},"attributes":[{"name":"a_position","format":32,"isNormalized":false},{"name":"a_normal","format":32,"isNormalized":false},{"name":"a_texCoord","format":21,"isNormalized":false},{"name":"a_tangent","format":44,"isNormalized":false},{"name":"a_joints","format":42,"isNormalized":false},{"name":"a_weights","format":44,"isNormalized":false}]}],"jointMaps":[[0,1,2,3,4,5,6,7,8,9,10,11,12,13,14,15,16,17,18,19,20,21,22,23,24,25,26,27,28,29,30,31,32,33]]},"minPosition",8,[1,-1.2574461698532104,-0.001667418167926371,-0.15556570887565613],"maxPosition",8,[1,1.2581552267074585,1.9056800603866577,0.2059798389673233]]],-1],0,0,[],[],[]],[[[8,[{"rasterizerState":{},"depthStencilState":{},"blendState":{"targets":[{}]}},{"rasterizerState":{},"depthStencilState":{},"blendState":{"targets":[{}]}},{"rasterizerState":{},"depthStencilState":{},"blendState":{"targets":[{}]}},{"rasterizerState":{},"depthStencilState":{},"blendState":{"targets":[{}]}}],[{"DCC_APP_NAME":5,"USE_ALBEDO_MAP":true},{},{},{}],[[[{"shininessExponent":2},"specularColor",8,[4,4278190080],"mainTexture",6,0,"normalMap",6,1],{},{},{}],11,0,0,0]]],0,0,[0,0,0],[2,3,4],[1,2,3]],[[[9,"shougao_HJ"],[10,"shougao_HJ",[-3,-4],[[12,-2,[5,"1encHXwJJWII2bCSsBr+Et"],[3,4,5],6]],[0,"b1/ckBxsldIo34NVwjvjik",null,null,null,-1,0]],[1,"mixamorig:Hips",1,[-5,-6,-7],[0,"27+oX8nH5c8LKRpf807AO7",null,null,null,1,0],[1,0.0003114424762316048,1.1190513372421265,-0.0006183678633533418],[3,0.01679864684125643,0.01693036006550379,-0.008095234497879375,0.9996827674571467],[1,1.9406855088969113,1.9556622434511972,-0.8947969772907652]],[4,"mixamorig:Spine2",[-8,-9,-10],[0,"84108MunBTN5hVYOzl89Bs",null,null,null,1,0],[1,2.2204459996194763e-18,0.13027799129486084,-1.776356799695581e-17],[3,0.02131734545712892,-0.02160840610573184,0.009985274370882376,0.9994893405454455],[1,2.467475123428943,-2.500515174241004,1.0909250090391531]],[4,"mixamorig:LeftHand",[-11,-12],[0,"3cmLLaFyxbMIPaumNlIrq3",null,null,null,1,0],[1,0,0.36738499999046326,0],[3,0.09122020895471074,0.07580540449077934,-0.03354688041800874,0.9923744358569844],[1,10.742463497412754,9.020817268480126,-3.023879900296809]],[4,"mixamorig:RightHand",[-13,-14],[0,"63tuviO5taqp8fyFiDxK0Q",null,null,null,1,0],[1,-7.105427198782324e-17,0.36720502376556396,1.4210854397564648e-16],[3,0.05145923294901946,-0.02734549835484119,-0.008206437141114502,0.9982669109278703],[1,5.872214087614095,-3.0817943906686787,-1.1000769996294917]],[11,"shougao",1,[[13,-15,[5,"911xAkzBVXq6RxlHCcUMHv"],[0],[14],1,1,2]],[0,"1aiAL3/DNSWqrvlPv523x0",null,null,null,1,0]],[1,"mixamorig:Spine",2,[-16],[0,"12tHncNYRYrqHTwRsS7CzD",null,null,null,1,0],[1,-2.2204459996194763e-18,0.09753299504518509,-0.005841000005602837],[3,0.024031723482892117,-0.010884087788531971,0.006441814976319766,0.9996311899492052],[1,2.7621319349304563,-1.2647035106563511,0.7079504312827866]],[1,"mixamorig:Spine1",7,[3],[0,"a6j4fJ77lZsoPPy9pahgGM",null,null,null,1,0],[1,-5.551114999048691e-19,0.11399299651384354,0],[3,0.02156580992241428,-0.0219173078271272,0.00899484756799008,0.999486688344187],[1,2.493731154434574,-2.533671093670066,0.9760883704371273]],[1,"mixamorig:Neck",3,[-17],[0,"d1ALRGRMVcnal5Q+Yx6CfW",null,null,null,1,0],[1,0,0.14656201004981995,-3.552713599391162e-17],[3,0.02570056961416945,0.01862660642621338,-0.0015930922522261173,0.9994948685769358],[1,2.9482893179839396,2.138567285199723,-0.12760618725136835]],[3,"mixamorig:Head",9,[[2,"mixamorig:HeadTop_End",-18,[0,"8aIvdTiE5Seb7Qpr9fOzkw",null,null,null,1,0],[1,1.6653344997146072e-18,0.21622499823570251,0.08440099656581879]]],[0,"c7dtxapMlbtaxYTglc7ZkR",null,null,null,1,0],[1,8.881783998477905e-18,0.05153200030326843,0.020114999264478683],[3,-0.02848315540955067,0.03905373715021586,-0.01745874205215775,0.9986784806925969],[1,-3.185315856653886,4.419751465491751,-2.125937019850776]],[1,"mixamorig:LeftShoulder",3,[-19],[0,"cdWgDgCMpRyrxmSYp/oGKd",null,null,null,1,0],[1,0.0940060019493103,0.12929800152778625,-0.0011190000222995877],[3,0.6377335205447846,0.3555117555692708,-0.5541563642855714,0.3997725257535926],[1,115.31595685968637,82.35404395413707,0.5941992898464946]],[1,"mixamorig:LeftArm",11,[-20],[0,"34gRMfR1hR942+s8yi47/r",null,null,null,1,0],[1,-3.552713599391162e-17,0.19164100289344788,0],[3,0.41178532801356416,0.18566763115390988,0.10937098990502005,0.8854368192828064],[1,47.23204140173398,14.743591327383784,20.27904529891225]],[1,"mixamorig:LeftForeArm",12,[4],[0,"dcSjaiZ7Bbs6RVRHE6io4D",null,null,null,1,0],[1,0,0.35233601927757263,0],[3,0.004924211217098101,0.0011019148003404732,0.09625301572005643,0.9953441087847242],[1,0.5598757245683694,0.07271678136368838,11.047375478074033]],[1,"mixamorig:LeftHandThumb1",4,[-21],[0,"ddmdMXKb1cSblp8a3oBack",null,null,null,1,0],[1,-0.033368002623319626,0.03961999714374542,0.022975999861955643],[3,0.1247458392619807,0.13331462540968203,0.15292672925462628,0.9712255668577626],[1,12.328873043389903,13.528770478816282,19.28781012252729]],[1,"mixamorig:LeftHandThumb2",14,[-22],[0,"7ba0mBuSZbAb5lepyUIY6F",null,null,null,1,0],[1,-0.005917000118643045,0.04494500160217285,-8.881783998477905e-18],[3,-0.018447927916215967,0.03843733996182632,-0.029026867484448382,0.9986689570705086],[1,-1.987217404645706,4.349216231079253,-3.40506631091344]],[3,"mixamorig:LeftHandThumb3",15,[[2,"mixamorig:LeftHandThumb4",-23,[0,"2048qUhShdVY6k+hM8R1Pz",null,null,null,1,0],[1,0.005423999857157469,0.034967999905347824,-3.552713599391162e-17]]],[0,"967VVopO9Qoaf6IEdNtMDf",null,null,null,1,0],[1,0.000493000028654933,0.0439160019159317,-2.6645351995433716e-17],[3,-0.14750203266765108,0.12210888230558069,0.07899778216590671,0.9783107490127364],[1,-18.064344588180276,15.312752857636166,6.808203742118411]],[1,"mixamorig:LeftHandIndex1",4,[-24],[0,"25y/7cYNBWeatGJ1U6THY3",null,null,null,1,0],[1,-7.105427198782324e-17,0.13322000205516815,0.00004099999932805076],[3,0.15068809416951817,-0.015709569395041607,0.06603042662541657,0.9862485946578815],[1,17.559265891840706,-2.940144634427397,7.210228263556887]],[1,"mixamorig:LeftHandIndex2",17,[-25],[0,"ed4RXID8xW1r8ivBaDGfMG",null,null,null,1,0],[1,0.001496999990195036,0.03823699802160263,1.776356799695581e-17],[3,0.13182597004133417,-0.004110435999446151,-0.00672728528986535,0.9912415253464639],[1,15.148081263640984,-0.36531296530679613,-0.8262597620535562]],[3,"mixamorig:LeftHandIndex3",18,[[2,"mixamorig:LeftHandIndex4",-26,[0,"14F3iVBLFS8LTyBy/Hdcbf",null,null,null,1,0],[1,-0.002906999783590436,0.038092002272605896,-3.552713599391162e-17]]],[0,"e2X7GTafRRr6xZY3IfUCIY",null,null,null,1,0],[1,0.0014100000262260437,0.03672800213098526,-1.776356799695581e-17],[3,0.13189348677983093,0.0005431498907515682,-0.06320374506723325,0.9892467335011679],[1,15.252856205694346,1.0249054965370945,-7.1752651150172255]],[1,"mixamorig:RightShoulder",3,[-27],[0,"7da/iW/hdU6YE4yynpuIdA",null,null,null,1,0],[1,-0.0940060019493103,0.12928800284862518,-0.000948999950196594],[3,0.6170920060426134,-0.3686948076880292,0.5839396049883836,0.3771950855833102],[1,116.33525777449401,-87.35415943134859,-0.8319031242226074]],[1,"mixamorig:RightArm",20,[-28],[0,"80oXYpF3JaI4WYod9Ixi3E",null,null,null,1,0],[1,0,0.19164100289344788,0],[3,0.3400806553358267,-0.1451542852997915,-0.18264533937849217,0.9109972894190065],[1,38.908990162890134,-8.943480974261444,-25.563245568328757]],[1,"mixamorig:RightForeArm",21,[5],[0,"8fYKAAxVpYSJuCmvJm/pXq",null,null,null,1,0],[1,0,0.35230499505996704,0],[3,0.01029034823755,-0.001001651890442402,-0.20080383642064575,0.9795769110720153],[1,1.2314521189414258,0.1352563099704461,-23.16785741771901]],[1,"mixamorig:RightHandThumb1",5,[-29],[0,"e9CSbDPhtQqYwXYcpYG0Zc",null,null,null,1,0],[1,0.033973999321460724,0.041575998067855835,0.025032000616192818],[3,0.19856357349889667,-0.18176480922164945,-0.1484130455159456,0.9515816461705467],[1,20.271271078646244,-17.87486768903935,-20.771259900542994]],[1,"mixamorig:RightHandThumb2",23,[-30],[0,"acEt9JdlxeJ7yfwfSBlryg",null,null,null,1,0],[1,0.005953999701887369,0.04701700061559677,0],[3,-0.033762179396868326,-0.0008702276994132312,0.1016574280936182,0.9942460084202077],[1,-3.9204399930480998,0.3003571614116043,11.665857753332494]],[3,"mixamorig:RightHandThumb3",24,[[2,"mixamorig:RightHandThumb4",-31,[0,"c55yx7Pa5SYpiq4tLzcKw5",null,null,null,1,0],[1,-0.004244999960064888,0.03359600156545639,0]]],[0,"04QxUk/MZasrt5K5GpFNmi",null,null,null,1,0],[1,-0.0017079999670386314,0.04256699979305267,0],[3,-0.16393056423057603,0.06401707197312517,-0.04342273971752823,0.9834343141676807],[1,-18.58306426515301,6.4487276408526055,-6.107575198203759]],[1,"mixamorig:RightHandIndex1",5,[-32],[0,"2bB+yL5gRWBq92kxq0Td3i",null,null,null,1,0],[1,0,0.13363300263881683,0.000008999999408842996],[3,0.17799427625940215,0.018165032821390387,-0.0648911428854994,0.981721553586608],[1,20.759185220329773,3.3939567677026266,-6.946559114753754]],[1,"mixamorig:RightHandIndex2",26,[-33],[0,"85A3+SXMVYZZPUglqFxfbq",null,null,null,1,0],[1,-0.0016429999377578497,0.03803899884223938,0],[3,0.205934244083851,0.00771901906230547,0.007093337922115819,0.9785096772211563],[1,23.763756800841318,0.6982535087560477,0.9775718870180301]],[3,"mixamorig:RightHandIndex3",27,[[2,"mixamorig:RightHandIndex4",-34,[0,"aek2fmKwZRkrmUvNS5KAPd",null,null,null,1,0],[1,0.0034519999753683805,0.0380139984190464,-3.552713599391162e-17]]],[0,"88MS/Yk3VZG4s8R+LKabTa",null,null,null,1,0],[1,-0.001808999921195209,0.03687199950218201,-1.776356799695581e-17],[3,0.0915310031901432,-0.0002841252493161683,0.07383541191910434,0.993061089095019],[1,10.59231830198251,-0.8156069443871097,8.429603023865567]],[1,"mixamorig:LeftUpLeg",2,[-35],[0,"c1G4L+BuJUJKcnfYL43mXg",null,null,null,1,0],[1,0.06558400392532349,-0.05423099920153618,0.0022380000445991755],[3,0.08842437074458478,0.24890032706681398,0.963573824899848,-0.04189560612205821],[1,-150.82979873684891,-168.96599461209496,-2.1044491796082854]],[1,"mixamorig:LeftLeg",29,[-36],[0,"3fwOtUMT9XXK5nUAMaY/8D",null,null,null,1,0],[1,0,0.4850600063800812,0],[3,-0.4981390568912367,0.03449085750239055,-0.04521552875862865,0.865230268025418],[1,-59.81297682435595,0.84408462536015,-6.465572035770506]],[1,"mixamorig:LeftFoot",30,[-37],[0,"deppBbVyNSA6kpAGq+1vpF",null,null,null,1,0],[1,0,0.48615002632141113,0],[3,0.4824504835300951,0.050861373364583795,-0.03757898496265484,0.8736374943477543],[1,57.87745733958853,7.1891881191300735,-0.9502729942059476]],[3,"mixamorig:LeftToeBase",31,[[2,"mixamorig:LeftToe_End",-38,[0,"69TDs++6NSyIRQxxptSDej",null,null,null,1,0],[1,4.440891999238953e-18,0.0721299946308136,8.881783998477905e-18]]],[0,"f7SU30AZhdDqEA2TiZoDy4",null,null,null,1,0],[1,-4.440891999238953e-18,0.19304199516773224,-2.6645351995433716e-17],[3,0.34672665028092786,-0.023870577644727838,0.008694584339006543,0.9376221145595095],[1,40.587779545362984,-2.9114459503007644,-0.01424726881889914]],[1,"mixamorig:RightUpLeg",2,[-39],[0,"92Isa9K7hZPZXtWO21l8AP",null,null,null,1,0],[1,-0.06558400392532349,-0.05423099920153618,0.0021210000850260258],[3,-0.06425521612360868,0.11921958046503915,0.9906750459532603,-0.014863114079965099],[1,-166.43544213562,172.88320486100233,-2.5659892840378973]],[1,"mixamorig:RightLeg",33,[-40],[0,"bf1GteOgVSx59oPMcIBwUL",null,null,null,1,0],[1,8.881783998477905e-18,0.48508399724960327,0],[3,-0.21205699112901832,-0.02906307532733873,-0.001527756894381039,0.9768238511239867],[1,-24.481004489602487,-3.292277054822026,0.5352281650060671]],[1,"mixamorig:RightFoot",34,[-41],[0,"5cqv3RF3JVJ5KPa/X0Wt8i",null,null,null,1,0],[1,-1.776356799695581e-17,0.48599499464035034,-2.2204460823375376e-17],[3,0.568045154920839,-0.0616959536636423,0.020334890671019703,0.8204296456698107],[1,69.26407902180931,-7.147296605057132,-2.104688352616314]],[3,"mixamorig:RightToeBase",35,[[2,"mixamorig:RightToe_End",-42,[0,"c8TiqcsB9Rs7rS77UoprVP",null,null,null,1,0],[1,0,0.0739779993891716,2.2204459996194763e-18]]],[0,"812YXoBXZedKF866yhshbC",null,null,null,1,0],[1,-8.881783998477905e-18,0.1932629942893982,1.776356799695581e-17],[3,0.32029851843226786,0.029375018159555597,-0.009529940656677015,0.9468131534940251],[1,37.37908182346101,3.5391287670120017,0.04419815544596112]]],0,[0,5,1,0,1,1,0,-1,6,0,-2,2,0,-1,7,0,-2,29,0,-3,33,0,-1,9,0,-2,11,0,-3,20,0,-1,14,0,-2,17,0,-1,23,0,-2,26,0,1,6,0,-1,8,0,-1,10,0,0,10,0,-1,12,0,-1,13,0,-1,15,0,-1,16,0,0,16,0,-1,18,0,-1,19,0,0,19,0,-1,21,0,-1,22,0,-1,24,0,-1,25,0,0,25,0,-1,27,0,-1,28,0,0,28,0,-1,30,0,-1,31,0,-1,32,0,0,32,0,-1,34,0,-1,35,0,-1,36,0,0,36,0,6,1,3,0,8,4,0,13,5,0,22,42],[0,0,0,0,0,0,0],[-1,7,8,-1,-2,-3,9],[4,5,6,0,7,8,0]]]]
