[1,["41JVdmiYFEw6ucDdgbesPe@73b7f","41JVdmiYFEw6ucDdgbesPe@f22b1","41JVdmiYFEw6ucDdgbesPe@2b750","41JVdmiYFEw6ucDdgbesPe@438fe","41JVdmiYFEw6ucDdgbesPe@cf5ee","41JVdmiYFEw6ucDdgbesPe@2a088","41JVdmiYFEw6ucDdgbesPe@1f586","41JVdmiYFEw6ucDdgbesPe@5ad75","f6SJZOjTJB/JrJeh5xTdF7"],["_parent","node","root","data","_mesh","_skeleton","_defaultClip","mainTexture","_effectAsset"],[["cc.Node",["_name","_prefab","_lpos","_parent","_children","_lrot","_euler","_components"],2,4,5,1,2,5,5,9],["cc.Mesh",["_native","_hash","_struct"],1,11],["cc.Skeleton",["_name","_hash","_joints","_bindposes"],0,12],["cc.Prefab",["_name"],2],["cc.Node",["_name","_parent","_children","_prefab","_lpos","_lrot","_euler"],2,1,9,4,5,5,5],["cc.SkeletalAnimation",["node","__prefab","_clips","_defaultClip"],3,1,4,3,6],["cc.CompPrefabInfo",["fileId"],2],["cc.PrefabInfo",["fileId","instance","targetOverrides","nestedPrefabInstanceRoots","root","asset"],-1,1,1],["cc.SkinnedMeshRenderer",["node","__prefab","_materials","bakeSettings","_skinningRoot","_mesh","_skeleton"],3,1,4,3,4,1,6,6],["cc.ModelBakeSettings",[],3],["cc.Material",["_name","_states","_defines","_props"],0,12]],[[7,0,1,2,3,4,5,5],[0,0,3,4,1,2,5,6,2],[4,0,1,2,3,4,5,6,2],[0,0,3,1,2,2],[0,0,4,1,2,5,6,2],[6,0,2],[1,0,1,2,3],[2,0,1,2,3,4],[3,0,2],[0,0,4,7,1,2],[0,0,3,7,1,2],[0,0,3,1,2,5,6,2],[5,0,1,2,3,1],[8,0,1,2,3,4,5,6,1],[9,1],[10,0,1,2,3,4]],[[[[6,".bin",3050343981,[{"primitives":[{"primitiveMode":7,"jointMapIndex":0,"vertexBundelIndices":[0],"indexView":{"offset":279048,"length":29388,"count":14694,"stride":2}}],"vertexBundles":[{"view":{"offset":0,"length":279048,"count":3171,"stride":88},"attributes":[{"name":"a_position","format":32,"isNormalized":false},{"name":"a_normal","format":32,"isNormalized":false},{"name":"a_texCoord","format":21,"isNormalized":false},{"name":"a_tangent","format":44,"isNormalized":false},{"name":"a_joints","format":42,"isNormalized":false},{"name":"a_weights","format":44,"isNormalized":false},{"name":"a_color","format":44,"isNormalized":false}]}],"jointMaps":[[0,1,2,3,4,6,7,8,9,10,11,12,14,15,16,18,19,20,22,23,24,25,27,28,29,31,32,33,34,35,36,37,39,40,41,43,44,45,47,48,49,50,52,53,54,56,57,58,59,61,62,63,64]]},"minPosition",8,[1,-0.9572674632072449,-0.003208827693015337,-0.16068649291992188],"maxPosition",8,[1,0.9580629467964172,1.8375087976455688,0.17093469202518463]]],-1],0,0,[],[],[]],[[[7,"Skin-0",1871167582,["Root_M","Root_M/Spine1_M","Root_M/Spine1_M/Chest_M","Root_M/Spine1_M/Chest_M/Neck_M","Root_M/Spine1_M/Chest_M/Neck_M/Head_M","Root_M/Spine1_M/Chest_M/Neck_M/Head_M/HeadEnd_M","Root_M/Spine1_M/Chest_M/Scapula_R","Root_M/Spine1_M/Chest_M/Scapula_R/Shoulder_R","Root_M/Spine1_M/Chest_M/Scapula_R/Shoulder_R/Elbow_R","Root_M/Spine1_M/Chest_M/Scapula_R/Shoulder_R/Elbow_R/Wrist_R","Root_M/Spine1_M/Chest_M/Scapula_R/Shoulder_R/Elbow_R/Wrist_R/MiddleFinger1_R","Root_M/Spine1_M/Chest_M/Scapula_R/Shoulder_R/Elbow_R/Wrist_R/MiddleFinger1_R/MiddleFinger2_R","Root_M/Spine1_M/Chest_M/Scapula_R/Shoulder_R/Elbow_R/Wrist_R/MiddleFinger1_R/MiddleFinger2_R/MiddleFinger3_R","Root_M/Spine1_M/Chest_M/Scapula_R/Shoulder_R/Elbow_R/Wrist_R/MiddleFinger1_R/MiddleFinger2_R/MiddleFinger3_R/MiddleFinger4_R","Root_M/Spine1_M/Chest_M/Scapula_R/Shoulder_R/Elbow_R/Wrist_R/ThumbFinger1_R","Root_M/Spine1_M/Chest_M/Scapula_R/Shoulder_R/Elbow_R/Wrist_R/ThumbFinger1_R/ThumbFinger2_R","Root_M/Spine1_M/Chest_M/Scapula_R/Shoulder_R/Elbow_R/Wrist_R/ThumbFinger1_R/ThumbFinger2_R/ThumbFinger3_R","Root_M/Spine1_M/Chest_M/Scapula_R/Shoulder_R/Elbow_R/Wrist_R/ThumbFinger1_R/ThumbFinger2_R/ThumbFinger3_R/ThumbFinger4_R","Root_M/Spine1_M/Chest_M/Scapula_R/Shoulder_R/Elbow_R/Wrist_R/IndexFinger1_R","Root_M/Spine1_M/Chest_M/Scapula_R/Shoulder_R/Elbow_R/Wrist_R/IndexFinger1_R/IndexFinger2_R","Root_M/Spine1_M/Chest_M/Scapula_R/Shoulder_R/Elbow_R/Wrist_R/IndexFinger1_R/IndexFinger2_R/IndexFinger3_R","Root_M/Spine1_M/Chest_M/Scapula_R/Shoulder_R/Elbow_R/Wrist_R/IndexFinger1_R/IndexFinger2_R/IndexFinger3_R/IndexFinger4_R","Root_M/Spine1_M/Chest_M/Scapula_R/Shoulder_R/Elbow_R/Wrist_R/Cup_R","Root_M/Spine1_M/Chest_M/Scapula_R/Shoulder_R/Elbow_R/Wrist_R/Cup_R/PinkyFinger1_R","Root_M/Spine1_M/Chest_M/Scapula_R/Shoulder_R/Elbow_R/Wrist_R/Cup_R/PinkyFinger1_R/PinkyFinger2_R","Root_M/Spine1_M/Chest_M/Scapula_R/Shoulder_R/Elbow_R/Wrist_R/Cup_R/PinkyFinger1_R/PinkyFinger2_R/PinkyFinger3_R","Root_M/Spine1_M/Chest_M/Scapula_R/Shoulder_R/Elbow_R/Wrist_R/Cup_R/PinkyFinger1_R/PinkyFinger2_R/PinkyFinger3_R/PinkyFinger4_R","Root_M/Spine1_M/Chest_M/Scapula_R/Shoulder_R/Elbow_R/Wrist_R/Cup_R/RingFinger1_R","Root_M/Spine1_M/Chest_M/Scapula_R/Shoulder_R/Elbow_R/Wrist_R/Cup_R/RingFinger1_R/RingFinger2_R","Root_M/Spine1_M/Chest_M/Scapula_R/Shoulder_R/Elbow_R/Wrist_R/Cup_R/RingFinger1_R/RingFinger2_R/RingFinger3_R","Root_M/Spine1_M/Chest_M/Scapula_R/Shoulder_R/Elbow_R/Wrist_R/Cup_R/RingFinger1_R/RingFinger2_R/RingFinger3_R/RingFinger4_R","Root_M/Spine1_M/Chest_M/Scapula_L","Root_M/Spine1_M/Chest_M/Scapula_L/Shoulder_L","Root_M/Spine1_M/Chest_M/Scapula_L/Shoulder_L/Elbow_L","Root_M/Spine1_M/Chest_M/Scapula_L/Shoulder_L/Elbow_L/Wrist_L","Root_M/Spine1_M/Chest_M/Scapula_L/Shoulder_L/Elbow_L/Wrist_L/MiddleFinger1_L","Root_M/Spine1_M/Chest_M/Scapula_L/Shoulder_L/Elbow_L/Wrist_L/MiddleFinger1_L/MiddleFinger2_L","Root_M/Spine1_M/Chest_M/Scapula_L/Shoulder_L/Elbow_L/Wrist_L/MiddleFinger1_L/MiddleFinger2_L/MiddleFinger3_L","Root_M/Spine1_M/Chest_M/Scapula_L/Shoulder_L/Elbow_L/Wrist_L/MiddleFinger1_L/MiddleFinger2_L/MiddleFinger3_L/MiddleFinger4_L","Root_M/Spine1_M/Chest_M/Scapula_L/Shoulder_L/Elbow_L/Wrist_L/ThumbFinger1_L","Root_M/Spine1_M/Chest_M/Scapula_L/Shoulder_L/Elbow_L/Wrist_L/ThumbFinger1_L/ThumbFinger2_L","Root_M/Spine1_M/Chest_M/Scapula_L/Shoulder_L/Elbow_L/Wrist_L/ThumbFinger1_L/ThumbFinger2_L/ThumbFinger3_L","Root_M/Spine1_M/Chest_M/Scapula_L/Shoulder_L/Elbow_L/Wrist_L/ThumbFinger1_L/ThumbFinger2_L/ThumbFinger3_L/ThumbFinger4_L","Root_M/Spine1_M/Chest_M/Scapula_L/Shoulder_L/Elbow_L/Wrist_L/IndexFinger1_L","Root_M/Spine1_M/Chest_M/Scapula_L/Shoulder_L/Elbow_L/Wrist_L/IndexFinger1_L/IndexFinger2_L","Root_M/Spine1_M/Chest_M/Scapula_L/Shoulder_L/Elbow_L/Wrist_L/IndexFinger1_L/IndexFinger2_L/IndexFinger3_L","Root_M/Spine1_M/Chest_M/Scapula_L/Shoulder_L/Elbow_L/Wrist_L/IndexFinger1_L/IndexFinger2_L/IndexFinger3_L/IndexFinger4_L","Root_M/Spine1_M/Chest_M/Scapula_L/Shoulder_L/Elbow_L/Wrist_L/Cup_L","Root_M/Spine1_M/Chest_M/Scapula_L/Shoulder_L/Elbow_L/Wrist_L/Cup_L/PinkyFinger1_L","Root_M/Spine1_M/Chest_M/Scapula_L/Shoulder_L/Elbow_L/Wrist_L/Cup_L/PinkyFinger1_L/PinkyFinger2_L","Root_M/Spine1_M/Chest_M/Scapula_L/Shoulder_L/Elbow_L/Wrist_L/Cup_L/PinkyFinger1_L/PinkyFinger2_L/PinkyFinger3_L","Root_M/Spine1_M/Chest_M/Scapula_L/Shoulder_L/Elbow_L/Wrist_L/Cup_L/PinkyFinger1_L/PinkyFinger2_L/PinkyFinger3_L/PinkyFinger4_L","Root_M/Spine1_M/Chest_M/Scapula_L/Shoulder_L/Elbow_L/Wrist_L/Cup_L/RingFinger1_L","Root_M/Spine1_M/Chest_M/Scapula_L/Shoulder_L/Elbow_L/Wrist_L/Cup_L/RingFinger1_L/RingFinger2_L","Root_M/Spine1_M/Chest_M/Scapula_L/Shoulder_L/Elbow_L/Wrist_L/Cup_L/RingFinger1_L/RingFinger2_L/RingFinger3_L","Root_M/Spine1_M/Chest_M/Scapula_L/Shoulder_L/Elbow_L/Wrist_L/Cup_L/RingFinger1_L/RingFinger2_L/RingFinger3_L/RingFinger4_L","Root_M/Hip_R","Root_M/Hip_R/Knee_R","Root_M/Hip_R/Knee_R/Ankle_R","Root_M/Hip_R/Knee_R/Ankle_R/Toes_R","Root_M/Hip_R/Knee_R/Ankle_R/Toes_R/ToesEnd_R","Root_M/Hip_L","Root_M/Hip_L/Knee_L","Root_M/Hip_L/Knee_L/Ankle_L","Root_M/Hip_L/Knee_L/Ankle_L/Toes_L","Root_M/Hip_L/Knee_L/Ankle_L/Toes_L/ToesEnd_L"],[[[7,6.106364410641188e-17,-5.669032697295422e-17,1,0,0.9972450137138367,0.0741766020655632,-5.669033359039912e-17,0,-0.0741766020655632,0.9972450137138367,6.106365072385678e-17,0,-1.0070687532424927,-0.08018217980861664,5.694975066538555e-17,1],[7,6.106364410641188e-17,-5.669032697295422e-17,1,0,0.9972450137138367,0.0741766020655632,-5.669033359039912e-17,0,-0.0741766020655632,0.9972450137138367,6.106365072385678e-17,0,-1.2291247844696045,-0.08018217980861664,7.05092989304937e-17,1],[7,6.106364410641188e-17,-5.669032697295422e-17,1,0,0.9972450137138367,0.0741766020655632,-5.669033359039912e-17,0,-0.0741766020655632,0.9972450137138367,6.106365072385678e-17,0,-1.3657745122909546,-0.08018217980861664,7.885363886957753e-17,1],[7,5.937883601731897e-17,-7.6184055717628e-17,1,0,0.969730019569397,-0.24417999386787415,-7.61840491001831e-17,0,0.24417999386787415,0.969730019569397,5.937883601731897e-17,0,-1.4672211408615112,0.4032224416732788,1.1784099709725158e-16,1],[7,5.937883601731897e-17,-7.6184055717628e-17,1,0,0.969730019569397,-0.24417999386787415,-7.61840491001831e-17,0,0.24417999386787415,0.969730019569397,5.937883601731897e-17,0,-1.5410996675491333,0.4032224416732788,1.222278072008612e-16,1],[7,5.937883601731897e-17,-7.6184055717628e-17,1,0,0.969730019569397,-0.24417999386787415,-7.61840491001831e-17,0,0.24417999386787415,0.969730019569397,5.937883601731897e-17,0,-1.7826075553894043,0.4032224416732788,1.3656826028633372e-16,1],[7,-0.977584958076477,-0.005681609734892845,-0.21046599745750427,0,-0.21046023070812225,-0.0016158813377842307,0.9776009917259216,0,-0.005894435103982687,0.999983012676239,0.0003839080745819956,0,0.2548764944076538,0.03521149232983589,-1.4773921966552734,1],[7,-0.9999949932098389,-0.003172989934682846,-0.000004255587100487901,0,0.0000013694424296772922,-0.0017727799713611603,0.9999979734420776,0,-0.003172993892803788,0.9999930262565613,0.0017727753147482872,0,-0.19132328033447266,0.03592219948768616,-1.4700278043746948,1],[7,-0.9999960064888,0.0029725900385528803,-0.000004255570729583269,0,-0.000009525270797894336,-0.0017727500526234508,0.9999979734420776,0,0.0029725790955126286,0.9999939799308777,0.0017727697268128395,0,-0.4664310812950134,0.03878941014409065,-1.4700278043746948,1],[7,-1,-0.0000022323199573293095,-0.0000065764102146204095,0,-0.00000657536929793423,-0.0004655960074160248,1,0,-0.0000022353815438691527,1,0.00046559597831219435,0,-0.760670006275177,0.03460508957505226,-1.470076084136963,1],[7,-1,-0.0000022243700641411124,-0.0000065791100496426225,0,-0.000006575374754902441,-0.0016739099519327283,0.9999989867210388,0,-0.0000022353788153850473,0.9999989867210388,0.0016739099519327283,0,-0.8548457026481628,0.03638137876987457,-1.4700331687927246,1],[7,-1,-0.0000022285601062321803,-0.000006577689873665804,0,-0.000006575376573891845,-0.0010378999868407845,0.9999989867210388,0,-0.000002235386773463688,0.9999989867210388,0.0010378999868407845,0,-0.8920797109603882,0.0354461595416069,-1.4700560569763184,1],[7,-1,0.0000074483400567260105,-0.0000039011301851132885,0,-0.000003901920081261778,-0.00010610999743221328,1,0,0.000007447925781889353,1,0.00010611002653604373,0,-0.9254016280174255,0.03408543020486832,-1.4700860977172852,1],[7,-1,0.0000074483400567260105,-0.0000039011301851132885,0,-0.000003901920081261778,-0.00010610999743221328,1,0,0.000007447925781889353,1,0.00010611002653604373,0,-0.9535307288169861,0.03408543020486832,-1.4700860977172852,1],[7,-0.7746008634567261,0.6024800539016724,0.19238294661045074,0,-0.4472182095050812,-0.7368677854537964,0.5069730877876282,0,0.44720199704170227,0.306664377450943,0.8402189612388611,0,0.04330507665872574,1.5525672435760498,-0.5804343819618225,1],[7,-0.7746008634567261,0.6024800539016724,0.19238294661045074,0,-0.4472182095050812,-0.7368677854537964,0.5069730877876282,0,0.44720199704170227,0.306664377450943,0.8402189612388611,0,0.010247965343296528,1.5525672435760498,-0.5804343819618225,1],[7,-0.7746008634567261,0.6024800539016724,0.19238294661045074,0,-0.4472182095050812,-0.7368677854537964,0.5069730877876282,0,0.44720199704170227,0.306664377450943,0.8402189612388611,0,-0.022107794880867004,1.5525670051574707,-0.5804346203804016,1],[7,-0.7746008634567261,0.6024800539016724,0.19238294661045074,0,-0.4472182095050812,-0.7368677854537964,0.5069730877876282,0,0.44720199704170227,0.306664377450943,0.8402189612388611,0,-0.048924464732408524,1.5525671243667603,-0.5804345607757568,1],[7,-1,-0.000013344199942366686,-0.000004172729859419633,0,-0.00000438435745309107,0.015898799523711205,0.9998739957809448,0,-0.000013276167010189965,0.9998739957809448,-0.015898799523711205,0,-0.8553730249404907,-0.012350630015134811,-1.4683359861373901,1],[7,-1,-0.000013344199942366686,-0.000004172729859419633,0,-0.00000438435745309107,0.015898799523711205,0.9998739957809448,0,-0.000013276167010189965,0.9998739957809448,-0.015898799523711205,0,-0.8883667588233948,-0.012350630015134811,-1.4683359861373901,1],[7,-1,4.900709882349474e-7,-0.0000032521099910809426,0,-0.000003258558535890188,-0.013790099881589413,0.999904990196228,0,4.4517744868244336e-7,0.999904990196228,0.013790099881589413,0,-0.9182169437408447,0.03125593066215515,-1.4680542945861816,1],[7,-1,4.900709882349474e-7,-0.0000032521099910809426,0,-0.000003258558535890188,-0.013790099881589413,0.999904990196228,0,4.4517744868244336e-7,0.999904990196228,0.013790099881589413,0,-0.9431961178779602,0.03125593066215515,-1.4680542945861816,1],[7,-0.9995390176773071,-0.023569799959659576,-0.01914460025727749,0,-0.018474945798516273,-0.028309201821684837,0.9994279742240906,0,-0.024098308756947517,0.9993209838867188,0.027860691770911217,0,-0.7561269402503967,0.06789156794548035,-1.4828646183013916,1],[7,-1,0.000007994640327524394,-0.0000040682198232389055,0,-0.000004533620995061938,-0.05910380184650421,0.9982519745826721,0,0.00000774021555116633,0.9982519745826721,0.05910380184650421,0,-0.8519929051399231,0.16554096341133118,-1.462182641029358,1],[7,-1,0.000007974889740580693,-0.000004143239948461996,0,-0.0000045703227442572825,-0.0543208010494709,0.998524010181427,0,0.000007738048225292005,0.998524010181427,0.0543208010494709,0,-0.8790778517723083,0.1585341989994049,-1.4629589319229126,1],[7,-1,-0.00002310290074092336,-0.000008761279786995146,0,-0.000008416006494371686,-0.014902899973094463,0.9998890161514282,0,-0.00002323090120626148,0.9998890161514282,0.014902899973094463,0,-0.9001055955886841,0.10069272667169571,-1.468076467514038,1],[7,-1,-0.00002310290074092336,-0.000008761279786995146,0,-0.000008416006494371686,-0.014902899973094463,0.9998890161514282,0,-0.00002323090120626148,0.9998890161514282,0.014902899973094463,0,-0.9168698787689209,0.10069272667169571,-1.468076467514038,1],[7,-1,0.000008418350262218155,-0.0000036573599118128186,0,-0.0000037022871310909977,-0.005343129858374596,0.9999859929084778,0,0.000008398686077271122,0.9999859929084778,0.005343129858374596,0,-0.8656948208808899,0.06717558950185776,-1.4666454792022705,1],[7,-1,0.000008436300049652345,-0.0000035938799101131735,0,-0.0000036806700336455833,-0.010310400277376175,0.9999470114707947,0,0.000008398796126130037,0.9999470114707947,0.010310400277376175,0,-0.8954903483390808,0.07446011900901794,-1.4662935733795166,1],[7,-1,-0.000020675399355241098,-0.0000075504999585973565,0,-0.0000075431621553434525,-0.000354855990735814,1,0,-0.000020678076907643117,1,0.0003548558452166617,0,-0.921524167060852,0.05983180180191994,-1.4669657945632935,1],[7,-1,-0.000020675399355241098,-0.0000075504999585973565,0,-0.0000075431621553434525,-0.000354855990735814,1,0,-0.000020678076907643117,1,0.0003548558452166617,0,-0.9428851008415222,0.05983180180191994,-1.4669657945632935,1],[7,-0.977584958076477,-0.005681609734892845,-0.21046599745750427,0,0.21046023070812225,0.0016158813377842307,-0.9776009917259216,0,0.005894435103982687,-0.999983012676239,-0.0003839080745819956,0,-0.2548764944076538,-0.03521149232983589,1.4773921966552734,1],[7,-0.9999949932098389,-0.003172989934682846,-0.000004259266916051274,0,-0.0000013657625004270812,0.0017727799713611603,-0.9999979734420776,0,0.003172993892803788,-0.9999930262565613,-0.0017727753147482872,0,0.19132326543331146,-0.03592219948768616,1.4700278043746948,1],[7,-0.9999960064888,0.0029725900385528803,-0.000004259250545146642,0,0.00000952895061345771,0.0017727500526234508,-0.9999979734420776,0,-0.0029725790955126286,-0.9999939799308777,-0.0017727697268128395,0,0.4664310812950134,-0.03878941014409065,1.4700278043746948,1],[7,-1,-0.0000022324400106299436,-0.000006580100034625502,0,0.000006579059117939323,0.00046559699694626033,-1,0,0.000002235503188785515,-1,-0.00046559699694626033,0,0.760670006275177,-0.03460508957505226,1.470076084136963,1],[7,-1,-0.000002224489890068071,-0.000006582799869647715,0,0.000006579064574907534,0.0016739199636504054,-0.9999989867210388,0,0.0000022355050077749183,-0.9999989867210388,-0.0016739199636504054,0,0.8548457026481628,-0.03638137876987457,1.4700331687927246,1],[7,-1,-0.000002228679932159139,-0.000006581380148418248,0,0.000006579066393896937,0.0010378999868407845,-0.9999989867210388,0,0.0000022355106921168044,-0.9999989867210388,-0.0010378999868407845,0,0.8920797109603882,-0.0354461595416069,1.4700560569763184,1],[7,-1,0.000007448209998983657,-0.000003904820005118381,0,0.000003905610356014222,0.00010611100151436403,-1,0,-0.000007447795724146999,-1,-0.00010611103061819449,0,0.9254015684127808,-0.03408543020486832,1.4700860977172852,1],[7,-1,0.000007448209998983657,-0.000003904820005118381,0,0.000003905610356014222,0.00010611100151436403,-1,0,-0.000007447795724146999,-1,-0.00010611103061819449,0,0.9535307288169861,-0.03408543020486832,1.4700860977172852,1],[7,-0.7746008634567261,0.6024800539016724,0.19238294661045074,0,0.4472182095050812,0.7368677854537964,-0.5069730877876282,0,-0.44720199704170227,-0.306664377450943,-0.8402189612388611,0,-0.04330507665872574,-1.5525672435760498,0.5804343819618225,1],[7,-0.7746008634567261,0.6024800539016724,0.19238294661045074,0,0.4472182095050812,0.7368677854537964,-0.5069730877876282,0,-0.44720199704170227,-0.306664377450943,-0.8402189612388611,0,-0.010247975587844849,-1.5525672435760498,0.5804343819618225,1],[7,-0.7746008634567261,0.6024800539016724,0.19238294661045074,0,0.4472182095050812,0.7368677854537964,-0.5069730877876282,0,-0.44720199704170227,-0.306664377450943,-0.8402189612388611,0,0.02210778370499611,-1.5525670051574707,0.5804346203804016,1],[7,-0.7746008634567261,0.6024800539016724,0.19238294661045074,0,0.4472182095050812,0.7368677854537964,-0.5069730877876282,0,-0.44720199704170227,-0.306664377450943,-0.8402189612388611,0,0.048924464732408524,-1.5525671243667603,0.5804345607757568,1],[7,-1,-0.00001334429998678388,-0.000004176420134172076,0,0.0000043880486373382155,-0.015898799523711205,-0.9998739957809448,0,0.000013276207937451545,-0.9998739957809448,0.015898799523711205,0,0.8553730249404907,0.012350630015134811,1.4683359861373901,1],[7,-1,-0.00001334429998678388,-0.000004176420134172076,0,0.0000043880486373382155,-0.015898799523711205,-0.9998739957809448,0,0.000013276207937451545,-0.9998739957809448,0.015898799523711205,0,0.8883667588233948,0.012350630015134811,1.4683359861373901,1],[7,-1,4.899969781035907e-7,-0.0000032558000384597108,0,0.0000032622472190269036,0.013790099881589413,-0.999904990196228,0,-4.4505256369120616e-7,-0.999904990196228,-0.013790099881589413,0,0.9182169437408447,-0.03125593066215515,1.4680542945861816,1],[7,-1,4.899969781035907e-7,-0.0000032558000384597108,0,0.0000032622472190269036,0.013790099881589413,-0.999904990196228,0,-4.4505256369120616e-7,-0.999904990196228,-0.013790099881589413,0,0.9431961178779602,-0.031255871057510376,1.4680542945861816,1],[7,-0.9995390176773071,-0.023569799959659576,-0.01914460025727749,0,0.018474945798516273,0.028309201821684837,-0.9994279742240906,0,0.024098308756947517,-0.9993209838867188,-0.027860691770911217,0,0.7561269402503967,-0.06789156794548035,1.4828646183013916,1],[7,-1,0.000007994740371941589,-0.000004071910097991349,0,0.00000453731036031968,0.05910380184650421,-0.9982519745826721,0,-0.000007740097316855099,-0.9982519745826721,-0.05910380184650421,0,0.8519929051399231,-0.16554096341133118,1.462182641029358,1],[7,-1,0.00000797513985162368,-0.000004110169811610831,0,0.000004537315362540539,0.0543208010494709,-0.998524010181427,0,-0.000007740093678876292,-0.998524010181427,-0.0543208010494709,0,0.8790779113769531,-0.1585341989994049,1.462958812713623,1],[7,-1,-0.000023101400074665435,-0.00000872823966346914,0,0.00000838299274619203,0.014902899973094463,-0.9998890161514282,0,0.000023228909412864596,-0.9998890161514282,-0.014902899973094463,0,0.9001056551933289,-0.1006927415728569,1.468076467514038,1],[7,-1,-0.000023101400074665435,-0.00000872823966346914,0,0.00000838299274619203,0.014902899973094463,-0.9998890161514282,0,0.000023228909412864596,-0.9998890161514282,-0.014902899973094463,0,0.9168699383735657,-0.10069271177053452,1.468076467514038,1],[7,-1,0.00000841824021335924,-0.000003661049959191587,0,0.0000037059764963487396,0.005343129858374596,-0.9999859929084778,0,-0.000008398556019528769,-0.9999859929084778,-0.005343129858374596,0,0.8656948208808899,-0.06717558950185776,1.4666454792022705,1],[7,-1,0.000008399950274906587,-0.0000037028200949862367,0,0.0000037059760416013887,0.00037577300099655986,-1,0,-0.000008398557838518173,-1,-0.0003757730301003903,0,0.895490288734436,-0.05988939851522446,1.4669610261917114,1],[7,-1,-0.000020712799596367404,-0.000007659070433874149,0,0.000007857142918510363,-0.009579770267009735,-0.9999539852142334,0,0.000020638479327317327,-0.9999539852142334,0.009579770267009735,0,0.9215236902236938,-0.045255161821842194,1.4674880504608154,1],[7,-1,-0.000020712799596367404,-0.000007659070433874149,0,0.000007857143828005064,-0.009579800069332123,-0.9999539852142334,0,0.000020638479327317327,-0.9999539852142334,0.009579800069332123,0,0.942884624004364,-0.04525512084364891,1.4674880504608154,1],[7,-0.0035820030607283115,-0.0832618996500969,-0.99652099609375,0,-0.9999099969863892,0.013213000260293484,0.002490200102329254,0,0.012959702871739864,0.9964399933815002,-0.08330168575048447,0,0.95295649766922,-0.018635980784893036,-0.08824045956134796,1],[7,0.003914301283657551,-0.08324690163135529,-0.99652099609375,0,-0.997052013874054,-0.07669109851121902,0.002490192884579301,0,-0.07663159817457199,0.9935740232467651,-0.0833016037940979,0,0.4943591356277466,0.025891289114952087,-0.08824045956134796,1],[7,2.1346618916950888e-10,-0.09609699994325638,-0.9953719973564148,0,-1,-3.982810081737398e-9,1.700569129958751e-10,0,-3.980719309737424e-9,0.9953719973564148,-0.09609699994325638,0,0.07687798142433167,0.01893858052790165,-0.08829987049102783,1],[7,0.000001292711772293842,1.7600072510504106e-7,-1,0,-0.13507600128650665,0.9908350110054016,-2.2665834487067826e-10,0,0.9908350110054016,0.13507600128650665,0.0000013046382036918658,0,-0.09307882934808731,-0.022380070760846138,-0.09790623933076859,1],[7,-0.0000012917821550217923,-1.7630179627303733e-7,-1,0,-0.13507600128650665,0.9908350110054016,-1.9721461963495557e-10,0,0.9908350110054016,0.13507600128650665,-0.0000013037578128205496,0,-0.16045643389225006,-0.022380100563168526,-0.09790600091218948,1],[7,-0.0035820112098008394,-0.0832618996500969,-0.99652099609375,0,0.9999099969863892,-0.013213099911808968,-0.002490200102329254,0,-0.012959802523255348,-0.9964399933815002,0.08330168575048447,0,-0.95295649766922,0.018635980784893036,0.08824045956134796,1],[7,0.003914301283657551,-0.08324690163135529,-0.99652099609375,0,0.997052013874054,0.07669109851121902,-0.002490192884579301,0,0.07663159817457199,-0.9935740232467651,0.0833016037940979,0,-0.4943591356277466,-0.025891289114952087,0.08824045956134796,1],[7,-3.566937301080486e-10,-0.09609699994325638,-0.9953719973564148,0,1,-3.7118099704969154e-9,6.241867844633704e-17,0,-3.6946314896368904e-9,-0.9953719973564148,0.09609699994325638,0,-0.07687798142433167,-0.018938569352030754,0.08829987049102783,1],[7,-0.0000012953997838849318,-1.762123105208957e-7,-1,0,0.13507600128650665,-0.9908350110054016,-3.801035597383873e-10,0,-0.9908350110054016,-0.13507600128650665,0.000001307330194322276,0,0.0930790901184082,0.022380109876394272,0.09790600091218948,1],[7,-0.0000012953997838849318,-1.762123105208957e-7,-1,0,0.13507600128650665,-0.9908350110054016,-3.801035597383873e-10,0,-0.9908350110054016,-0.13507600128650665,0.000001307330194322276,0,0.16045643389225006,0.022380109876394272,0.09790600091218948,1]],8,8,8,8,8,8,8,8,8,8,8,8,8,8,8,8,8,8,8,8,8,8,8,8,8,8,8,8,8,8,8,8,8,8,8,8,8,8,8,8,8,8,8,8,8,8,8,8,8,8,8,8,8,8,8,8,8,8,8,8,8,8,8,8,8,8]]],0,0,[],[],[]],[[[8,"jues_HJ"],[9,"jues_HJ",[-3,-4],[[12,-2,[5,"f9dJbri4Vfr5r/5jjeqEF1"],[3,4,5,6],7]],[0,"993GdNkdFUUabMQEOUyX5v",null,null,null,-1,0]],[4,"Wrist_R",[-5,-6,-7,-8],[0,"5bzZhSze1bEpSUTz+ROtHH",null,null,null,1,0],[1,0.2941302955150604,7.105427198782324e-17,1.2079226634976645e-15],[3,0.44053480611712365,0.04450928106162803,0.03036510053201653,0.8961171626346668],[1,52.21457143212879,3.0525162361309888,5.372884621089549]],[4,"Wrist_L",[-9,-10,-11,-12],[0,"5ck3SHv1xQWI4Key3qYz9J",null,null,null,1,0],[1,-0.2941302955150604,8.88178432935015e-17,-1.829647493760281e-15],[3,0.11881668744182586,-0.04874051312435602,0.005251510015073977,0.9917052882829089],[1,13.660857252347983,-5.619433267875062,-0.06683394457853645]],[1,"Root_M",1,[-13,-14,-15],[0,"fe9/PNwD1WBLBDmwGVaIaw",null,null,null,1,0],[1,-0.004342780914157629,0.9335759878158569,-0.020533952862024307],[3,0.5681986280840707,0.438446079979876,0.5321649376763943,0.4491278583004393],[1,168.3484633755948,-76.88717113277023,77.49288437195597]],[4,"Chest_M",[-16,-17,-18],[0,"63faXDjM9WhqjTgp3O+TOK",null,null,null,1,0],[1,0.13664980232715607,-5.628654875522443e-9,-6.661338412448735e-17],[3,0.0031639991116294472,0.009429305589951123,0.13014577050485907,0.9914449837108509],[1,0.22651773839083347,1.0600707744605806,14.958800400905268]],[1,"Cup_R",2,[-19,-20],[0,"51D0+omjJbrbrJdq8kPL9s",null,null,null,1,0],[1,0.021887345239520073,-0.010830709710717201,-0.00012223464727867395],[3,-0.013812723377723058,0.009406351353710775,-0.011916301979018468,0.9997893432990002],[1,-1.5702957618390574,1.0591676409883222,-1.3802420359178178]],[1,"Cup_L",3,[-21,-22],[0,"3a+sE/Mmxbt6CcnnskgLCI",null,null,null,1,0],[1,-0.021887345239520073,0.010830709710717201,0.00012223464727867395],[3,-0.013812723377723058,0.009406351353710775,-0.011916301979018468,0.9997893432990002],[1,-1.5702957618390574,1.0591676409883222,-1.3802420359178178]],[10,"human",1,[[13,-23,[5,"70LUTcR0NaCYaiZdkJyLof"],[0],[14],1,1,2]],[0,"ecGHBctaRdJqCBLsjWf2/Q",null,null,null,1,0]],[1,"Spine1_M",4,[5],[0,"c39VpmV5xTEpro9mQv3fi9",null,null,null,1,0],[1,0.22205597162246704,0,-1.1546319032585154e-16],[3,0.0025592469063333094,0.004434254857009905,0.19532170474336644,0.9807258634783119],[1,0.20392903499192794,0.4774947828732645,22.528118625905297]],[1,"Neck_M",5,[-24],[0,"4bjlws2C1a7real0/bGN3H",null,null,null,1,0],[1,0.15373100340366364,-4.032015610277995e-9,5.151434686029961e-16],[3,0.01886672513995417,-0.0045135970857244495,-0.08593296202240308,0.9961120419721355],[1,2.1412824086197695,-0.3343731540917197,-9.867368743271935]],[2,"Head_M",10,[[3,"HeadEnd_M",-25,[0,"6cbeuM9FJZB6CT9O5XdPkq",null,null,null,1,0],[1,0.2415078580379486,7.801706836119138e-9,4.440892164675075e-17]]],[0,"87xqQYXUNdM5sgjZ2B+nJO",null,null,null,1,0],[1,0.0738784596323967,2.8421708795129297e-16,-3.3306692062243676e-17],[3,0.0024083778450177283,0.001294261786016062,-0.17662015695188843,0.9842752891142169],[1,0.31765371106895135,0.20767976175748473,-20.345447140241312]],[1,"Scapula_R",5,[-26],[0,"90Q6eUZGBW7oQzuQatt0i5",null,null,null,1,0],[1,0.13055536150932312,-0.0021157891023904085,-0.06157766655087471],[3,-0.04042447962077435,0.7981105167743792,0.015237794656209934,0.6009602932603271],[1,-4.185619289193789,105.94524922245787,-2.648683570327035]],[1,"Shoulder_R",12,[-27],[0,"dabGktWC1e6Isb9UGzmwWe",null,null,null,1,0],[1,0.13260941207408905,-4.2632563192693945e-16,9.94759834299305e-16],[3,-0.22113430207319187,0.129284320550498,0.5456426667466991,0.7979093088390115],[1,-58.16071451952103,50.33899881701672,54.44604660615949]],[1,"Elbow_R",13,[2],[0,"d79lWcNKRbtpYJnSWIQ68v",null,null,null,1,0],[1,0.2753373980522156,0,-8.526512638538789e-16],[3,-0.035672363353644404,-0.03702650266930017,0.10643878716341644,0.9929890760627867],[1,-3.695619298771214,-3.8706492058035207,12.358435230710358]],[1,"MiddleFinger1_R",2,[-28],[0,"a9quOIxvxe24QGe6fa95xP",null,null,null,1,0],[1,0.09417571872472763,5.151434686029961e-16,-4.2632563192693945e-16],[3,0.000849569572256861,0.28807434664820647,-0.05894992919148424,0.9557914808592249],[1,2.0524347198646637,33.66099771431687,-6.44204784116194]],[1,"MiddleFinger2_R",15,[-29],[0,"97BmHSWSxSH4qXWDSlRx6o",null,null,null,1,0],[1,0.03723401203751564,2.577545501480927e-7,7.788855072021761e-8],[3,0.0003364034123862922,0.0037472223230122035,-0.000765684833065148,0.9999926294150084],[1,0.0388775408809508,0.42943092183930126,-0.08759595452321624]],[2,"MiddleFinger3_R",16,[[3,"MiddleFinger4_R",-30,[0,"d3a3wZs71ToLGvpU81xfI/",null,null,null,1,0],[1,0.028129106387495995,1.3063328359579768e-13,1.5401013933125443e-14]]],[0,"8966eDAOBTja9j2+IIWsmq",null,null,null,1,0],[1,0.03331825137138367,-1.1544041456090781e-7,3.7393458995893525e-8],[3,0.0004752130921757221,0.0018719286336060126,-0.00037948361172061786,0.9999980630220721],[1,0.05453672946686434,0.21452803269900766,-0.043383601967241066]],[1,"ThumbFinger1_R",2,[-31],[0,"f5dXiFsU1YZLwYAyZ1CPie",null,null,null,1,0],[1,0.029502244666218758,0.026137344539165497,-0.01240635011345148],[3,-0.5504149312635409,-0.02304547514111909,0.20852008894223026,0.8081037569676285],[1,-70.76016093327802,11.906933659202108,21.246486309685636]],[1,"ThumbFinger2_R",18,[-32],[0,"4dIdmwrepaG6Srap/72jS2",null,null,null,1,0],[1,0.03305710852146149,1.2434497928741312e-16,0],[3,0.02095622540235858,0.16204362882768683,-0.1102660506560233,0.9803795678439875],[1,4.506259497665322,19.24811167258385,-12.087985274662753]],[2,"ThumbFinger3_R",19,[[3,"ThumbFinger4_R",-33,[0,"17s0QOOZhQnJP/97BDFVyB",null,null,null,1,0],[1,0.026816673576831818,-7.429000703496058e-8,-9.4561428909401e-8]]],[0,"a3gqtgGldTV5WrwKdUatkP",null,null,null,1,0],[1,0.03235575929284096,1.443617634322436e-7,2.846119855348661e-7],[3,0.012934126335464573,0.030506172171968427,-0.05205184744948995,0.9980945280946326],[1,1.6704175873700131,3.5876933834185483,-5.918642850082105]],[1,"IndexFinger1_R",2,[-34],[0,"8eekWaNVdUNr1EQYDPZt6o",null,null,null,1,0],[1,0.09469965845346451,0.022916285321116447,-0.0017327208770439029],[3,0.009246018627313541,0.2875441881503467,-0.061484116476454236,0.9557471184479769],[1,3.059304150531752,33.66089657681519,-6.442685249767572]],[1,"IndexFinger2_R",21,[-35],[0,"1ee7BF1p1WW4YZgONgXRS1",null,null,null,1,0],[1,0.03299373388290405,-5.181632914083058e-14,-4.364508700196307e-14],[3,0.000018355637027669838,0.0037334531722176497,-0.0008302273487988922,0.9999926858297667],[1,0.002458578775818105,0.42782540195542035,-0.09512854115258228]],[2,"IndexFinger3_R",22,[[3,"IndexFinger4_R",-36,[0,"e1oubGMC1cMridpSwQ73B5",null,null,null,1,0],[1,0.024979202076792717,2.5224266780670378e-14,2.3270273579703744e-15]]],[0,"98NBwqcjhUiZtuUZWZHdZ+",null,null,null,1,0],[1,0.029848700389266014,-4.591975155676664e-8,2.7353110887418097e-9],[3,-0.014835125862183636,0.0018720850468972887,-0.0003805095936449542,0.9998881285177255],[1,-1.6999583608540143,0.2138548539611778,-0.04678082231873408]],[1,"PinkyFinger1_R",6,[-37],[0,"09NGClwD1f55FtLotEUq+D",null,null,null,1,0],[1,0.07023268938064575,-0.03239564225077629,-0.00018262132653035223],[3,-0.016382914091788946,0.2809819290581663,-0.035506673277015975,0.9589160713125063],[1,-0.6589518339806784,32.63780951179114,-4.43352688521576]],[1,"PinkyFinger2_R",24,[-38],[0,"60MwxFP4ZXxrBti8+wo0dj",null,null,null,1,0],[1,0.02708502486348152,1.0658140798173486e-16,-2.1316281596346973e-16],[3,0.00241409225599626,0.0037840857294051226,-0.000548630677090405,0.9999897758768097],[1,0.27687090519498214,0.433776016317146,-0.06182100481382555]],[2,"PinkyFinger3_R",25,[[3,"PinkyFinger4_R",-39,[0,"b74xm94KNdPr76bS825qcB",null,null,null,1,0],[1,0.016764257103204727,-6.549427477133343e-14,-1.1670664739791507e-14]]],[0,"80+72thMVcTb2YSEd7Nu8j",null,null,null,1,0],[1,0.02103094756603241,1.6147569681379537e-7,1.0691153740083337e-8],[3,0.01972993608437614,0.0018799129947520404,-0.0003352957940655157,0.9998035222612336],[1,2.2610994060593286,0.21613845123274533,-0.03416425525463682]],[1,"RingFinger1_R",6,[-40],[0,"e6m2Pe/DpU26DTokolpVTw",null,null,null,1,0],[1,0.08350202441215515,-0.012523770332336426,-0.0018023285083472729],[3,0.009415219492880086,0.27992552384954095,-0.04304236525571299,0.9590101196195245],[1,2.423323189785101,32.63779779223296,-4.432524781199907]],[1,"RingFinger2_R",27,[-41],[0,"23UF1RaiBcEpGgJHjVe8qr",null,null,null,1,0],[1,0.029795484617352486,3.552713599391162e-17,-6.039613317488323e-16],[3,-0.0024652353479036448,0.0037520875452552263,-0.0007414208513228334,0.9999896473208377],[1,-0.2821749164719779,0.4297481761520494,-0.08601967057099846]],[2,"RingFinger3_R",28,[[3,"RingFinger4_R",-42,[0,"fdBrWuqzNSIr2nAm/awvC/",null,null,null,1,0],[1,0.021360933780670166,-4.565237212783915e-14,-5.70210552223744e-15]]],[0,"72HxXctLJWDpfxhgVkexyL",null,null,null,1,0],[1,0.026037776842713356,1.133977747258541e-7,-1.1856916337649182e-8],[3,0.004987115366445154,0.0018770854860232263,-0.000389930024535375,0.9999857264906213],[1,0.5715666864861696,0.2153184889709402,-0.04360933655393897]],[1,"Scapula_L",5,[-43],[0,"89kBPVo7pdIqV+/OzfUpKh",null,null,null,1,0],[1,0.13055536150932312,-0.0021157891023904085,0.06157766655087471],[3,0.8303044924516337,0.05277985637070342,-0.5548030064586612,0.001536424600673492],[1,176.4830850952672,67.65252909983737,4.930188694382477]],[1,"Shoulder_L",30,[-44],[0,"2e5foT7xNc7Z3gI4assLS4",null,null,null,1,0],[1,-0.13260941207408905,7.10542746348012e-16,-1.421085492696024e-15],[3,0.0811987163793696,0.3237479099100038,0.45299182293785684,0.8266755516154353],[1,-15.426832603740964,50.5464484887946,53.27649043727932]],[1,"Elbow_L",31,[3],[0,"88qAhloxpeJ7edahsRZJao",null,null,null,1,0],[1,-0.2753373980522156,-1.776356799695581e-17,-2.1316281596346973e-16],[3,-0.10088606083999037,0.1628723576267612,0.06087781059184333,0.979585876800413],[1,-12.609215482973653,19.428022077358218,4.956936923760764]],[1,"MiddleFinger1_L",3,[-45],[0,"06gLf61Bxbv6bzLaKSxQCc",null,null,null,1,0],[1,-0.09417571872472763,-6.572520390484221e-16,3.55271373174006e-16],[3,-0.0013068507065267141,0.1413442950924045,-0.028733611338705608,0.9895425518720751],[1,0.31772883619857867,16.267156985928047,-3.281156837513625]],[1,"MiddleFinger2_L",33,[-46],[0,"c46fKZ1M1TFqYaAZfEvrEb",null,null,null,1,0],[1,-0.03723401203751564,-2.577545501480927e-7,-7.788855072021761e-8],[3,-0.0007034873638761879,0.20232644482951878,-0.04107025971328963,0.9784563089863848],[1,0.8762217255631154,23.401465191717893,-4.6262493435281815]],[2,"MiddleFinger3_L",34,[[3,"MiddleFinger4_L",-47,[0,"9eE7f+OkhYo6+q+g6SyAnH",null,null,null,1,0],[1,-0.028129106387495995,-1.3052670652224235e-13,-1.5134561084841763e-14]]],[0,"15A/4EUDRTxJv/7ypIT4wm",null,null,null,1,0],[1,-0.03331825137138367,1.1544041456090781e-7,-3.7393458995893525e-8],[3,-0.00004587736117829939,0.10162639631462554,-0.02070761847275277,0.9946070922754157],[1,0.23612349449964248,11.673043629707418,-2.3613240164726212]],[1,"ThumbFinger1_L",3,[-48],[0,"e3xe7YgNxbwqaVXPJg/Cqq",null,null,null,1,0],[1,-0.029502244666218758,-0.026137344539165497,0.01240635011345148],[3,-0.4847507217848099,0.0480666425227371,0.2680729649212491,0.8311697907672223],[1,-65.08324984785513,21.751458364936337,23.51740443603075]],[1,"ThumbFinger2_L",36,[-49],[0,"f18o3Jke5WoI8aXm+yOc64",null,null,null,1,0],[1,-0.03305710852146149,-1.3145040780968443e-15,-3.197442437975393e-16],[3,0.011623808092181023,0.10956103269301541,-0.09007962722904521,0.989821664724991],[1,2.488884865490784,12.852944774300783,-10.123965189602613]],[2,"ThumbFinger3_L",37,[[3,"ThumbFinger4_L",-50,[0,"32pxfROVJUx5SwSUVtOHjT",null,null,null,1,0],[1,-0.026816673576831818,7.429000703496058e-8,9.4561428909401e-8]]],[0,"f8kCk24oBfAbyRYgU4wMhH",null,null,null,1,0],[1,-0.03235575929284096,-1.443617634322436e-7,-2.846119855348661e-7],[3,0.004938851430247933,0.021023740370240976,-0.050130920864847515,0.9985091390972027],[1,0.6893448301770547,2.446904965740305,-5.733682650921709]],[1,"IndexFinger1_L",3,[-51],[0,"301V5DM/9aErzzjW7uUrOO",null,null,null,1,0],[1,-0.09469965845346451,-0.022916285321116447,0.0017327208770439029],[3,0.007386403608645425,0.14122815400866856,-0.030009416801068358,0.9894945600963624],[1,1.3254824663246925,16.283662737887216,-3.2849605928934276]],[1,"IndexFinger2_L",39,[-52],[0,"e6ecwKXY5Q9JFTIlAVedq4",null,null,null,1,0],[1,-0.03299373388290405,5.185185709077021e-14,4.3467450640396685e-14],[3,-0.0010160733962910717,0.20144657824846757,-0.04452473677800156,0.9784864799892165],[1,0.9174453010275914,23.306771504411284,-5.022277651255811]],[2,"IndexFinger3_L",40,[[3,"IndexFinger4_L",-53,[0,"94jN/6eJtYwrYE0l6fDGpL",null,null,null,1,0],[1,-0.024979202076792717,-2.5224266780670378e-14,-2.344791121181955e-15]]],[0,"63BZrEZVNU9KbYobAknYHV",null,null,null,1,0],[1,-0.029848700389266014,4.591975155676664e-8,-2.735310866697205e-9],[3,-0.01527462396454227,0.10159331310256463,-0.020870860152697932,0.9944897645486718],[1,-1.4993891166604727,11.632305252818117,-2.557117945257344]],[1,"PinkyFinger1_L",7,[-54],[0,"d1jFaUxRBbSZ8gT8YSGddA",null,null,null,1,0],[1,-0.07023268938064575,0.03239564225077629,0.00018262132653035223],[3,-0.020641096362413958,0.1269984867564357,-0.04623016437958443,0.9906099643169199],[1,-1.6784264724762463,14.529739117501183,-5.556938773215219]],[1,"PinkyFinger2_L",42,[-55],[0,"daxpVSff5a56VCSBD7l6hp",null,null,null,1,0],[1,-0.02708502486348152,0,-4.0412119261026e-16],[3,-0.007613286377875168,0.2091386765756887,0.00436283042761884,0.9778466227079573],[1,-0.9577071634096341,24.147267039095865,0.30641314291092087]],[2,"PinkyFinger3_L",43,[[3,"PinkyFinger4_L",-56,[0,"27qEqCvx5edas8bgN3SD4E",null,null,null,1,0],[1,-0.016764257103204727,3.015916509585548e-12,-1.0494716532437331e-13]]],[0,"43YVTnx/pa+KC4sJ/dcNvV",null,null,null,1,0],[1,-0.02103094756603241,-1.6147200199156941e-7,-1.0691153740083337e-8],[3,0.01910418805780963,0.10227653250202179,-0.017255615216901797,0.9944228399637153],[1,2.3809917484428125,11.780680651035317,-1.7426869422879034]],[1,"RingFinger1_L",7,[-57],[0,"e8ySlbJSRcCbKGiNf6KCwN",null,null,null,1,0],[1,-0.08350202441215515,0.012523770332336426,0.0018023285083472729],[3,0.00912797350702216,0.13255037263010808,-0.014773458126131487,0.9910241287427214],[1,1.2615535039169539,15.253245961456168,-1.5392571794408463]],[1,"RingFinger2_L",45,[-58],[0,"f9vOxalb1SiaBbV4D0r9zq",null,null,null,1,0],[1,-0.029795484617352486,-8.88178432935015e-17,1.0746959217184694e-15],[3,0.0014182185219731838,0.2022531834218873,-0.04073875138918117,0.9784845387573515],[1,1.1067420889897608,23.401057043305144,-4.539755275821542]],[2,"RingFinger3_L",46,[[3,"RingFinger4_L",-59,[0,"22mu5cfqJdSp76nZQR8e/H",null,null,null,1,0],[1,-0.021360933780670166,2.338822495048798e-12,-3.971934001319177e-14]]],[0,"07bKGNg9dcWI0kOMFTizng",null,null,null,1,0],[1,-0.026037776842713356,-1.1339498229290257e-7,1.185688880411817e-8],[3,0.004440764953118786,0.10152116547158332,-0.02125241820754199,0.9945964343834409],[1,0.7540311703971926,11.671907864548546,-2.3712034937928426]],[1,"Hip_R",4,[-60],[0,"86FTpTngZW7LPd1eUAo/Ex",null,null,null,1,0],[1,-0.05627486854791641,-0.010594832710921764,-0.0860716700553894],[3,0.41037452229982924,0.9050736429306657,-0.10200478138792994,-0.0450497157971249],[1,12.9462237049252,179.81104731176836,48.76643448237142]],[1,"Knee_R",48,[-61],[0,"d6716jxKdQ/Y9Gfv1GnVud",null,null,null,1,0],[1,0.45827075839042664,-2.8421708795129297e-16,-1.5987212189876965e-16],[3,0,0,-0.2850555763617839,0.9585109902265342],[1,0,0,-33.12434136079583]],[1,"Ankle_R",49,[-62],[0,"39nMoFkBtXCbMLbSzrBhm9",null,null,null,1,0],[1,0.41946572065353394,6.394884875950786e-16,1.1102230246251565e-16],[3,0.011652596013355903,-0.031372281896099974,0.12596416169062186,0.9914701341464403],[1,1.834858452046404,-3.8568789171485354,14.42120095413712]],[2,"Toes_R",50,[[11,"ToesEnd_R",-63,[0,"7fZCGlRztbPJURQtXhIiuM",null,null,null,1,0],[1,0.06737735122442245,-3.065991945462414e-14,1.7414308217666985e-7],[3,1.761657699715536e-7,-0.000001292245769944922,-2.27583604088686e-13,0.999