[1,["1bRNuJOnJEf4MFug00QC6a@73b7f","1bRNuJOnJEf4MFug00QC6a@03859","1bRNuJOnJEf4MFug00QC6a@8247b","1bRNuJOnJEf4MFug00QC6a@438fe","1bRNuJOnJEf4MFug00QC6a@1f586","1bRNuJOnJEf4MFug00QC6a@cf367"],["_parent","node","root","data","_mesh","_skeleton","_defaultClip"],[["cc.Node",["_name","_prefab","_parent","_lpos","_children","_lrot","_euler","_components"],2,4,1,5,2,5,5,9],["cc.Skeleton",["_name","_hash","_joints","_bindposes"],0,12],["cc.Prefab",["_name"],2],["cc.Node",["_name","_parent","_children","_prefab","_lpos","_lrot","_euler"],2,1,9,4,5,5,5],["cc.SkeletalAnimation",["node","__prefab","_clips","_defaultClip"],3,1,4,3,6],["cc.CompPrefabInfo",["fileId"],2],["cc.PrefabInfo",["fileId","instance","targetOverrides","nestedPrefabInstanceRoots","root","asset"],-1,1,1],["cc.SkinnedMeshRenderer",["node","__prefab","_materials","bakeSettings","_skinningRoot","_mesh","_skeleton"],3,1,4,3,4,1,6,6],["cc.ModelBakeSettings",[],3],["cc.Mesh",["_native","_hash","_struct"],1,11]],[[6,0,1,2,3,4,5,5],[0,0,2,4,1,3,5,6,2],[3,0,1,2,3,4,5,6,2],[0,0,2,1,3,2],[5,0,2],[1,0,1,2,3,4],[2,0,2],[0,0,4,7,1,2],[0,0,4,1,3,5,6,2],[0,0,2,7,1,2],[0,0,2,1,3,5,6,2],[4,0,1,2,3,1],[7,0,1,2,3,4,5,6,1],[8,1],[9,0,1,2,3]],[[[[5,"Skin-0",1401555338,["Root_M","Root_M/Spine1_M","Root_M/Spine1_M/Chest_M","Root_M/Spine1_M/Chest_M/Neck_M","Root_M/Spine1_M/Chest_M/Neck_M/Head_M","Root_M/Spine1_M/Chest_M/Neck_M/Head_M/HeadEnd_M","Root_M/Spine1_M/Chest_M/Scapula_R","Root_M/Spine1_M/Chest_M/Scapula_R/Shoulder_R","Root_M/Spine1_M/Chest_M/Scapula_R/Shoulder_R/Elbow_R","Root_M/Spine1_M/Chest_M/Scapula_R/Shoulder_R/Elbow_R/Wrist_R","Root_M/Spine1_M/Chest_M/Scapula_R/Shoulder_R/Elbow_R/Wrist_R/IndexFinger1_R","Root_M/Spine1_M/Chest_M/Scapula_R/Shoulder_R/Elbow_R/Wrist_R/IndexFinger1_R/IndexFinger2_R","Root_M/Spine1_M/Chest_M/Scapula_R/Shoulder_R/Elbow_R/Wrist_R/IndexFinger1_R/IndexFinger2_R/IndexFinger3_R","Root_M/Spine1_M/Chest_M/Scapula_R/Shoulder_R/Elbow_R/Wrist_R/IndexFinger1_R/IndexFinger2_R/IndexFinger3_R/IndexFinger4_R","Root_M/Spine1_M/Chest_M/Scapula_L","Root_M/Spine1_M/Chest_M/Scapula_L/Shoulder_L","Root_M/Spine1_M/Chest_M/Scapula_L/Shoulder_L/Elbow_L","Root_M/Spine1_M/Chest_M/Scapula_L/Shoulder_L/Elbow_L/Wrist_L","Root_M/Spine1_M/Chest_M/Scapula_L/Shoulder_L/Elbow_L/Wrist_L/IndexFinger1_L","Root_M/Spine1_M/Chest_M/Scapula_L/Shoulder_L/Elbow_L/Wrist_L/IndexFinger1_L/IndexFinger2_L","Root_M/Spine1_M/Chest_M/Scapula_L/Shoulder_L/Elbow_L/Wrist_L/IndexFinger1_L/IndexFinger2_L/IndexFinger3_L","Root_M/Spine1_M/Chest_M/Scapula_L/Shoulder_L/Elbow_L/Wrist_L/IndexFinger1_L/IndexFinger2_L/IndexFinger3_L/IndexFinger4_L","Root_M/Hip_R","Root_M/Hip_R/Knee_R","Root_M/Hip_R/Knee_R/Ankle_R","Root_M/Hip_R/Knee_R/Ankle_R/Toes_R","Root_M/Hip_R/Knee_R/Ankle_R/Toes_R/ToesEnd_R","Root_M/Hip_L","Root_M/Hip_L/Knee_L","Root_M/Hip_L/Knee_L/Ankle_L","Root_M/Hip_L/Knee_L/Ankle_L/Toes_L","Root_M/Hip_L/Knee_L/Ankle_L/Toes_L/ToesEnd_L"],[[[7,6.123215734080118e-17,-6.138272406462053e-17,1,0,0.9999970197677612,-0.0024559299927204847,-6.138272406462053e-17,0,0.0024559299927204847,0.9999970197677612,6.123215734080118e-17,0,-0.6502142548561096,0.003835350042209029,4.004944489930233e-17,1],[7,6.123215734080118e-17,-6.138272406462053e-17,1,0,0.9999970197677612,-0.0024559299927204847,-6.138272406462053e-17,0,0.0024559299927204847,0.9999970197677612,6.123215734080118e-17,0,-0.8450304269790649,0.003835350042209029,5.197845804966841e-17,1],[7,6.123215734080118e-17,-6.138272406462053e-17,1,0,0.9999970197677612,-0.0024559299927204847,-6.138272406462053e-17,0,0.0024559299927204847,0.9999970197677612,6.123215734080118e-17,0,-0.9649172425270081,0.0038354299031198025,5.931939150977846e-17,1],[7,6.083500476765732e-17,-6.819693207171397e-17,1,0,0.9935110211372375,-0.1137399971485138,-6.819690560193437e-17,0,0.1137399971485138,0.9935110211372375,6.083497829787772e-17,0,-1.0925298929214478,0.12621796131134033,7.507166984731158e-17,1],[7,6.053257430081813e-17,-7.046297681619074e-17,1,0,0.9885720014572144,-0.15074799954891205,-7.046299666852544e-17,0,0.15074799954891205,0.9885720014572144,6.053258753570793e-17,0,-1.1447309255599976,0.16906802356243134,8.120658390048667e-17,1],[7,6.053257430081813e-17,-7.046297681619074e-17,1,0,0.9885720014572144,-0.15074799954891205,-7.046299666852544e-17,0,0.15074799954891205,0.9885720014572144,6.053258753570793e-17,0,-1.5368156433105469,0.16906802356243134,1.0494049340466647e-16,1],[7,-0.9877960681915283,0.002663960214704275,-0.1557309925556183,0,-0.15573161840438843,0.000009170554221782368,0.9877989888191223,0,0.0026328880339860916,0.9999960064888,0.000405804137699306,0,0.10638567060232162,0.0011170010548084974,-1.0754995346069336,1],[7,-0.9977909922599792,-0.06643790006637573,0.00001722110027913004,0,0.00001716687074804213,0.0000013872480622012517,1,0,-0.06643790006637573,0.9977909922599792,-2.4365257900171855e-7,0,-0.19250206649303436,-0.01220375020056963,-1.0583735704421997,1],[7,-0.998071014881134,0.06208350136876106,0.000017248699805350043,0,0.00001723066088743508,-8.25952611194225e-7,1,0,0.06208350136876106,0.998071014881134,-2.453804199831211e-7,0,-0.35046666860580444,0.03301844000816345,-1.0583735704421997,1],[7,-0.9999909996986389,-0.004134779796004295,0.00001158580016635824,0,0.004121516831219196,-0.9965519905090332,0.08286789804697037,0,-0.0003310944011900574,0.08286719769239426,0.9965609908103943,0,-0.5263264179229736,1.0526258945465088,-0.08708888292312622,1],[7,-0.9999909996986389,-0.00413403008133173,0.00007931859727250412,0,0.00412151450291276,-0.995061993598938,0.09917079657316208,0,-0.00033104809699580073,0.09917033463716507,0.9950699806213379,0,-0.5858554840087891,1.0510591268539429,-0.10430914908647537,1],[7,-0.9999920129776001,-0.0041098399087786674,0.00007350240048253909,0,0.004096871241927147,-0.995061993598938,0.09917079657316208,0,-0.00033443697611801326,0.09917030483484268,0.9950699806213379,0,-0.6413024663925171,1.051074743270874,-0.10431292653083801,1],[7,-0.9999909996986389,-0.004141469951719046,-0.000040229300793726,0,0.004128629807382822,-0.9975669980049133,0.06958840042352676,0,-0.00032832956640049815,0.0695876032114029,0.9975759983062744,0,-0.6634039282798767,1.053687334060669,-0.07306002080440521,1],[7,-0.9999909996986389,-0.004141469951719046,-0.000040229300793726,0,0.004128629807382822,-0.9975669980049133,0.06958840042352676,0,-0.00032832956640049815,0.0695876032114029,0.9975759983062744,0,-0.6973486542701721,1.053687334060669,-0.07306002080440521,1],[7,-0.9877960681915283,0.0026639702264219522,-0.1557309925556183,0,0.15573161840438843,-0.000009187124305753969,-0.9877989888191223,0,-0.0026329003740102053,-0.9999960064888,-0.00040578932384960353,0,-0.10638567060232162,-0.001116981147788465,1.0754995346069336,1],[7,-0.9977909922599792,-0.06643790006637573,0.000017221000234712847,0,-0.000017165668396046385,-0.0000014037879054740188,-1,0,0.06643790006637573,-0.9977909922599792,2.602357369596575e-7,0,0.19250206649303436,0.01220376044511795,1.0583735704421997,1],[7,-0.998071014881134,0.06208359822630882,0.000017247199139092118,0,-0.000017231681340490468,7.853818715375382e-7,-1,0,-0.06208359822630882,-0.998071014881134,2.8593794354492275e-7,0,0.35046666860580444,-0.03301839902997017,1.0583735704421997,1],[7,-0.9999909996986389,-0.004134779796004295,0.000011595499927352648,0,-0.004121517762541771,0.9965519905090332,-0.08286789804697037,0,0.0003310847096145153,-0.08286719769239426,-0.9965609908103943,0,0.5263264179229736,-1.0526258945465088,0.0870889276266098,1],[7,-0.9999909996986389,-0.00413403008133173,0.00007928210106911138,0,-0.004121511243283749,0.995061993598938,-0.09917079657316208,0,0.00033108441857621074,-0.09917033463716507,-0.9950699806213379,0,0.5858554840087891,-1.0510591268539429,0.10430921614170074,1],[7,-0.9999920129776001,-0.0041098399087786674,0.00007346599886659533,0,-0.0040968675166368484,0.995061993598938,-0.09917090088129044,0,0.00033447358873672783,-0.09917040914297104,-0.9950699806213379,0,0.6413024663925171,-1.051074743270874,0.10431303828954697,1],[7,-0.9999909996986389,-0.004141469951719046,-0.00004026549868285656,0,-0.0041286274790763855,0.9975669980049133,-0.06958849728107452,0,0.00032836609170772135,-0.06958770751953125,-0.9975759983062744,0,0.6634038686752319,-1.053687334060669,0.07306013256311417,1],[7,-0.9999909996986389,-0.004141469951719046,-0.00004026540045742877,0,-0.0041286274790763855,0.9975669980049133,-0.06958849728107452,0,0.0003283659752923995,-0.06958770751953125,-0.9975759983062744,0,0.6973486542701721,-1.053687334060669,0.07306016236543655,1],[7,-0.005483529064804316,-0.05833220109343529,-0.9982820153236389,0,-0.9986590147018433,0.051705099642276764,0.002464338205754757,0,0.05147252976894379,0.996957004070282,-0.05853753536939621,0,0.5987322330474854,-0.0386628583073616,-0.12084510177373886,1],[7,0.006364129018038511,-0.05824270099401474,-0.9982820153236389,0,-0.9886419177055359,-0.15026700496673584,0.002464344957843423,0,-0.15015238523483276,0.9869279861450195,-0.05853753164410591,0,0.3336145281791687,0.02904907986521721,-0.12084510177373886,1],[7,-3.6117671076141278e-9,-0.027588600292801857,-0.9996190071105957,0,-1,3.943640081160993e-9,3.504299961321067e-9,0,3.845461726825761e-9,0.9996190071105957,-0.027588600292801857,0,0.11530029773712158,0.015631670132279396,-0.12013479322195053,1],[7,0.000001241919335370767,3.9980207588996564e-7,-1,0,-0.30379700660705566,0.9527369737625122,3.6148459781060183e-9,0,0.9527369737625122,0.30379700660705566,0.000001304680608882336,0,-0.07939012348651886,-0.057562798261642456,-0.12275084108114243,1],[7,-0.0000012431994491635123,-3.926267879705847e-7,-1,0,-0.30379700660705566,0.9527369737625122,3.6101859279824566e-9,0,0.9527369737625122,0.30379700660705566,-0.0000013037204098509392,0,-0.13863299787044525,-0.05756289139389992,-0.12275058776140213,1],[7,-0.005483529064804316,-0.05833220109343529,-0.9982820153236389,0,0.9986590147018433,-0.051705099642276764,-0.002464338205754757,0,-0.05147252976894379,-0.996957004070282,0.05853753536939621,0,-0.5987322330474854,0.0386628583073616,0.12084510177373886,1],[7,0.006364129018038511,-0.05824270099401474,-0.9982820153236389,0,0.9886419177055359,0.15026700496673584,-0.002464344957843423,0,0.15015238523483276,-0.9869279861450195,0.05853753164410591,0,-0.3336145281791687,-0.02904907986521721,0.12084510177373886,1],[7,-3.391837366528705e-10,-0.027588600292801857,-0.9996190071105957,0,1,-4.0775098852918745e-9,-2.2677709710094973e-10,0,-4.0697027969827104e-9,-0.9996190071105957,0.027588600292801857,0,-0.11530029773712158,-0.015631670132279396,0.12013479322195053,1],[7,-0.0000012429467233232572,-3.959960963584308e-7,-1,0,0.30379700660705566,-0.9527369737625122,-3.2336794353327036e-10,0,-0.9527369737625122,-0.30379700660705566,0.0000013045032574154902,0,0.07939042150974274,0.05756289139389992,0.12275058776140213,1],[7,-0.0000012429453590812045,-4.218117339860328e-7,-1,0,0.30379700660705566,-0.9527369737625122,2.4272567955563318e-8,0,-0.9527369737625122,-0.30379700660705566,0.0000013123445796736632,0,0.13863299787044525,0.057562898844480515,0.12275058776140213,1]],8,8,8,8,8,8,8,8,8,8,8,8,8,8,8,8,8,8,8,8,8,8,8,8,8,8,8,8,8,8,8,8]]],0,0,[],[],[]],[[[6,"jianshibao_HJ"],[7,"jianshibao_HJ",[-3,-4],[[11,-2,[4,"a30Dep2N5QOJlH1hjnXyTF"],[3,4,5],6]],[0,"d8Uw27uCNWFJ3vjGw188Iv",null,null,null,-1,0]],[1,"Root_M",1,[-5,-6,-7],[0,"7bsSOiiwhT9K4vcXtNcZdf",null,null,null,1,0],[1,0.022119145840406418,0.6107514500617981,-0.003071862505748868],[3,0.5518309572881726,0.48917687815864186,0.5378690458364924,0.4085161759151349],[1,-158.11807566044473,-106.43017396679916,78.33380924925278]],[8,"Chest_M",[-8,-9,-10],[0,"b48MgsVRRVYKJDF6RlF1jl",null,null,null,1,0],[1,0.1198868378996849,-8.402658124850859e-8,-5.329070399086743e-17],[3,0.003434719739964943,-0.004552446757240722,0.08592811200094236,0.9962850182035179],[1,0.44350509975556474,-0.5618570512875432,9.856812326020613]],[9,"jsbb",1,[[12,-11,[4,"0frSsWNqRVjYNWlqmPVFv3"],[0],[13],1,1,2]],[0,"d8uMLmfkhSzaw9a4v8UFVT",null,null,null,1,0]],[1,"Spine1_M",2,[3],[0,"dcRdung/ZVlYO8ehF43y1l",null,null,null,1,0],[1,0.19481618702411652,-3.552713599391162e-17,-8.88178432935015e-17],[3,0.0077343324173161435,0.0012027980114017096,0.13039338898328723,0.9914314386221851],[1,0.8910604081498927,0.0218254710262006,14.985276319905855]],[1,"Neck_M",3,[-12],[0,"39SbzymPdcepH42xyd2sCL",null,null,null,1,0],[1,0.13487261533737183,-9.762077723962648e-8,4.884981414229807e-16],[3,-0.056867163398174235,0.004154418112659233,-0.13559979145480172,0.9891216118832935],[1,-6.639576249706313,-0.42851886126133587,-15.588224736185058]],[2,"Head_M",6,[[3,"HeadEnd_M",-13,[0,"64/4goBNhTG5Hjh1G8Y3W+",null,null,null,1,0],[1,0.3920847177505493,4.796163656963089e-16,3.3306692062243676e-17]]],[0,"4etjshP8JbBIZ9a0GKKrnh",null,null,null,1,0],[1,0.057714395225048065,0,-2.6645351995433716e-17],[3,-0.05225655517202952,-0.01659898671805657,-0.15922032542502954,0.9857193383783408],[1,-6.5461292915710985,-2.9784862084772157,-18.18934766679137]],[1,"Scapula_R",3,[-14],[0,"82p5PJjINcKIpPF7m1lML6",null,null,null,1,0],[1,0.11402250081300735,0.00022497374447993934,-0.06240420788526535],[3,0.02041695269249029,0.8110811719442883,0.04370272164471718,0.5829412943694046],[1,-2.708603446145793,108.70286937420686,4.8226549825586655]],[1,"Shoulder_R",8,[-15],[0,"53SVfn/Kpc65AVWM8EhS2K",null,null,null,1,0],[1,0.13207696378231049,-2.1316281596346973e-16,1.4210854397564648e-16],[3,0.09152444362738996,0.3473306264363853,0.1819558721907155,0.9153560906736355],[1,2.569765257255851,41.02677745754293,23.371249288958236]],[1,"Elbow_R",9,[-16],[0,"e3o/jex0NSN45r5bmTlbmN",null,null,null,1,0],[1,0.1593049168586731,-5.329070399086743e-17,2.7596256391149154e-9],[3,-0.0037152953566957623,-0.036956355096106064,0.2548445769506732,0.9662684233675731],[1,0.7675347566034845,-4.5828291175703635,29.52288405374067]],[1,"Wrist_R",10,[-17],[0,"fffibUTJNVo4Vz2EoAb71J",null,null,null,1,0],[1,0.17047515511512756,-3.552713599391162e-17,-1.7695450660326628e-9],[3,-0.49647447806614825,0.019670780882746767,0.22433859263405667,0.8383306918295306],[1,-64.21674915928885,15.886638700545983,20.892013338750886]],[1,"IndexFinger1_R",11,[-18],[0,"33t9vbxZVcWYONZmLmpvM1",null,null,null,1,0],[1,0.05952903628349304,-3.9079850255047273e-16,-1.4210854397564648e-16],[3,-0.002553194233378876,0.30889561019389583,0.26309501483471953,0.9139792100322994],[1,-10.983130382425628,40.159201883273184,28.642919357444114]],[1,"IndexFinger2_R",12,[-19],[0,"8bj0UIMrFQNJZBq5/UyS3V",null,null,null,1,0],[1,0.05547300726175308,-1.5508959450016846e-7,5.324877605517031e-8],[3,-0.0032730478914007057,-0.004263777180205188,0.039266235153841186,0.9992143264277696],[1,-0.3566867347911117,-0.4749526853150182,4.502275058027011]],[2,"IndexFinger3_R",13,[[3,"IndexFinger4_R",-20,[0,"b0BJFQtfVQjY22orlPvd6D",null,null,null,1,0],[1,0.0339447483420372,-2.778222157808364e-14,7.887024468581066e-15]]],[0,"d4YHkxPVpaTZa3YP63xrY4",null,null,null,1,0],[1,0.022067898884415627,2.2879476294763133e-14,-5.613287764970722e-15],[3,-0.13358357633074908,0.14796476159555805,0.16480688854823358,0.9659712971655559],[1,-18.634049324860097,20.09134096608285,16.192543092851842]],[1,"Scapula_L",3,[-21],[0,"8bcNAE2xheoIm0QaAKfYdh",null,null,null,1,0],[1,0.11402250081300735,0.00022497374447993934,0.06240420788526535],[3,0.7849140207120721,-0.002065745192832194,-0.6195455225000998,0.008310134564843738],[1,179.39913976610717,76.56515554719338,-0.7758015731406277]],[1,"Shoulder_L",15,[-22],[0,"ceCamvWUtUeKb2Ic45pmp6",null,null,null,1,0],[1,-0.13207696378231049,7.105427198782324e-17,0],[3,0.049704413041770895,0.35778831845874376,0.2621709065139686,0.8948650212609058],[1,-6.561702439689885,45.36487984197377,30.316912930439205]],[1,"Elbow_L",16,[-23],[0,"bdRoDA7+xY0Itsz/Vup1m/",null,null,null,1,0],[1,-0.1593049168586731,7.105427198782324e-17,-2.7596254170703105e-9],[3,-0.006837056170798522,-0.03553027366316554,0.38085997953517203,0.9239245263033157],[1,1.164669240256415,-4.884236085970225,44.769597629054154]],[1,"Wrist_L",17,[-24],[0,"aeFcxHdb9R54cYBujyHLWt",null,null,null,1,0],[1,-0.17047515511512756,7.105427198782324e-17,1.7695451770549653e-9],[3,-0.5790419648144739,-0.039829221101467735,0.2847919200315986,0.7629007788795079],[1,-79.00756534443059,17.866944557073083,28.728616895091708]],[1,"IndexFinger1_L",18,[-25],[0,"f4FocL4bRb/JpqM7FpJdNi",null,null,null,1,0],[1,-0.05952903628349304,1.4210854397564648e-16,0],[3,-0.013637280294209773,0.319551472642085,0.16763292502017255,0.9325235028499994],[1,-7.998744782662588,39.07744226455169,17.693660931194884]],[1,"IndexFinger2_L",19,[-26],[0,"a3DyWgduBXWbxB2lsWUZQH",null,null,null,1,0],[1,-0.05547300726175308,1.5504768668961333e-7,-5.324877605517031e-8],[3,-0.02728454543831677,0.018327008673811648,0.10763596591222387,0.9936469056840247],[1,-3.4129846496953933,2.4809484814543388,12.292600348205692]],[2,"IndexFinger3_L",20,[[3,"IndexFinger4_L",-27,[0,"18pTidBk9bLLo5eDbn4c8c",null,null,null,1,0],[1,-0.0339447483420372,-2.560469197776527e-11,-7.691092229235308e-13]]],[0,"64GDi1ajxQkqygBAEHYHr3",null,null,null,1,0],[1,-0.022067898884415627,-1.6694520765803134e-11,5.7909232795041576e-15],[3,-0.061074019103771374,0.11509077368806647,-0.0038426062485655233,0.9914682609038035],[1,-6.90651157998238,13.167692684811387,-1.2421412547668198]],[1,"Hip_R",2,[-28],[0,"e68QBt8C5Qz69OVOZnI4Y7",null,null,null,1,0],[1,-0.049988050013780594,0.0030142460018396378,-0.11960963159799576],[3,0.28126976399711967,0.9342175890099373,-0.18731740453879495,0.11417971011661301],[1,28.228441055086556,158.65840115946585,28.865727871398356]],[1,"Knee_R",22,[-29],[0,"1dGgYPIahTgYoWznLjdFNt",null,null,null,1,0],[1,0.26609474420547485,-7.105427198782324e-17,-7.105427198782324e-17],[3,6.784526280687648e-17,-2.0110653757494395e-17,-0.46670741949997885,0.8844117732050331],[1,1.0277546135090978e-14,2.817800422717653e-15,-55.64155877256985]],[1,"Ankle_R",23,[-30],[0,"ddqAuhXWFb7Zl07lPw5HR1",null,null,null,1,0],[1,0.22170613706111908,-7.993606094938482e-17,-2.664535364979494e-16],[3,-0.04377487252125453,0.04738903364378864,0.2809117702538118,0.9575628529547945],[1,-7.505944497055379,7.840348750637546,32.2647659516033]],[2,"Toes_R",24,[[10,"ToesEnd_R",-31,[0,"00WnMv8iBd3pGTUedqOUvZ",null,null,null,1,0],[1,0.059242572635412216,-5.83710868268944e-14,1.472304660410373e-7],[3,3.9621158975899517e-7,-0.0000012425578006503549,4.923157693142976e-13,0.9999999999991496],[1,0.00004540250377475466,-0.00014238663555669428,-3.69549054483471e-18]]],[0,"90xCQFOGRcs4qToOHvxxnG",null,null,null,1,0],[1,0.08457658439874649,0.11210819333791733,6.018596732104697e-10],[3,-0.011139121636369155,0.008139803858345953,0.5899451268266365,0.8073254677611884],[1,-5.191149417523887,4.945172744395451,72.2459242074558]],[1,"Hip_L",2,[-32],[0,"54psJO7uZc4a2VworuU/D0",null,null,null,1,0],[1,-0.049988050013780594,0.0030142460018396378,0.11960963159799576],[3,0.9503064469153819,-0.2878333542621404,-0.032625622077580456,-0.11404028195913303],[1,-163.75445392793063,8.721338093389662,-32.65767322457461]],[1,"Knee_L",26,[-33],[0,"bc+pPqQihTea6xj/VTIjxK",null,null,null,1,0],[1,-0.26609474420547485,-1.0658140798173486e-16,-1.0658140798173486e-16],[3,4.984888220615527e-17,-4.3356407668863496e-18,-0.6247099122583262,0.780856917447873],[1,1.8909143990742226e-14,1.4491645774831898e-14,-77.32179790221781]],[1,"Ankle_L",27,[-34],[0,"20Z4yGm8xetp/yX1LcUUCW",null,null,null,1,0],[1,-0.22170613706111908,-1.77635686587003e-16,2.4868995857482625e-16],[3,-0.04428501153799368,0.0038666604952507606,0.1524741087720412,0.9873072130010324],[1,-5.33200317038735,1.2701170928774697,17.501760547887127]],[2,"Toes_L",28,[[3,"ToesEnd_L",-35,[0,"025WXw6WlXArT45I28TMUh",null,null,null,1,0],[1,-0.059242572635412216,-1.776356799695581e-17,1.0347882273276099e-11]]],[0,"bcXyvyuaZRS4jjoZqgYkK5",null,null,null,1,0],[1,-0.08457658439874649,-0.11210819333791733,-4.785626062098203e-11],[3,-0.0111380694422662,0.008139033801021728,0.5899451374404618,0.8073254822859487],[1,-5.190661205568941,4.944707675078309,72.24593708938039]]],0,[0,2,1,0,1,1,0,-1,4,0,-2,2,0,-1,5,0,-2,22,0,-3,26,0,-1,6,0,-2,8,0,-3,15,0,1,4,0,-1,7,0,0,7,0,-1,9,0,-1,10,0,-1,11,0,-1,12,0,-1,13,0,-1,14,0,0,14,0,-1,16,0,-1,17,0,-1,18,0,-1,19,0,-1,20,0,-1,21,0,0,21,0,-1,23,0,-1,24,0,-1,25,0,0,25,0,-1,27,0,-1,28,0,-1,29,0,0,29,0,3,1,3,0,5,35],[0,0,0,0,0,0,0],[-1,4,5,-1,-2,-3,6],[1,2,3,0,4,5,0]],[[[14,".bin",3118754160,[{"primitives":[{"primitiveMode":7,"jointMapIndex":0,"vertexBundelIndices":[0],"indexView":{"offset":258408,"length":37584,"count":18792,"stride":2}}],"vertexBundles":[{"view":{"offset":0,"length":258408,"count":3589,"stride":72},"attributes":[{"name":"a_position","format":32,"isNormalized":false},{"name":"a_normal","format":32,"isNormalized":false},{"name":"a_texCoord","format":21,"isNormalized":false},{"name":"a_tangent","format":44,"isNormalized":false},{"name":"a_joints","format":42,"isNormalized":false},{"name":"a_weights","format":44,"isNormalized":false}]}],"jointMaps":[[0,1,2,3,4,6,7,8,9,10,11,12,14,15,16,17,18,19,20,22,23,24,25,27,28,29,30]]},"minPosition",8,[1,-0.7021751999855042,0.002693282440304756,-0.21629685163497925],"maxPosition",8,[1,0.7030986547470093,1.5499762296676636,0.26497939229011536]]],-1],0,0,[],[],[]]]]
