[1,["88UfGI1KhFcY9PLwvbSTqS@73b7f","88UfGI1KhFcY9PLwvbSTqS@b1467","88UfGI1KhFcY9PLwvbSTqS@5a70b","88UfGI1KhFcY9PLwvbSTqS@438fe","88UfGI1KhFcY9PLwvbSTqS@df325","f6SJZOjTJB/JrJeh5xTdF7"],["_parent","node","root","data","_mesh","_skeleton","_defaultClip","mainTexture","_effectAsset"],[["cc.Node",["_name","_prefab","_children","_lpos","_parent","_components","_lrot","_euler"],2,4,2,5,1,9,5,5],["cc.Node",["_name","_parent","_children","_prefab","_lpos","_lrot","_euler"],2,1,9,4,5,5,5],["cc.Skeleton",["_name","_hash","_joints","_bindposes"],0,12],["cc.Mesh",["_native","_hash","_struct"],1,11],["cc.Prefab",["_name"],2],["cc.SkeletalAnimation",["node","__prefab","_clips","_defaultClip"],3,1,4,3,6],["cc.CompPrefabInfo",["fileId"],2],["cc.PrefabInfo",["fileId","instance","targetOverrides","nestedPrefabInstanceRoots","root","asset"],-1,1,1],["cc.SkinnedMeshRenderer",["node","__prefab","_materials","bakeSettings","_skinningRoot","_mesh","_skeleton"],3,1,4,3,4,1,6,6],["cc.ModelBakeSettings",[],3],["cc.Material",["_name","_states","_defines","_props"],0,12]],[[7,0,1,2,3,4,5,5],[0,0,4,2,1,3,6,7,2],[0,0,4,1,3,2],[1,0,1,2,3,4,5,6,2],[0,0,4,2,1,3,2],[0,0,2,1,3,6,7,2],[6,0,2],[2,0,1,2,3,4],[3,0,1,2,3],[4,0,2],[0,0,2,5,1,2],[0,0,2,1,3,2],[0,0,4,5,1,2],[1,0,1,2,3,4,2],[5,0,1,2,3,1],[8,0,1,2,3,4,5,6,1],[9,1],[10,0,1,2,3,4]],[[[[7,"Skin-0",2186313849,["mixamorig:Hips","mixamorig:Hips/mixamorig:Spine","mixamorig:Hips/mixamorig:Spine/mixamorig:Spine1","mixamorig:Hips/mixamorig:Spine/mixamorig:Spine1/mixamorig:Spine2","mixamorig:Hips/mixamorig:Spine/mixamorig:Spine1/mixamorig:Spine2/mixamorig:Neck","mixamorig:Hips/mixamorig:Spine/mixamorig:Spine1/mixamorig:Spine2/mixamorig:Neck/mixamorig:Head","mixamorig:Hips/mixamorig:Spine/mixamorig:Spine1/mixamorig:Spine2/mixamorig:Neck/mixamorig:Head/mixamorig:HeadTop_End","mixamorig:Hips/mixamorig:Spine/mixamorig:Spine1/mixamorig:Spine2/mixamorig:LeftShoulder","mixamorig:Hips/mixamorig:Spine/mixamorig:Spine1/mixamorig:Spine2/mixamorig:LeftShoulder/mixamorig:LeftArm","mixamorig:Hips/mixamorig:Spine/mixamorig:Spine1/mixamorig:Spine2/mixamorig:LeftShoulder/mixamorig:LeftArm/mixamorig:LeftForeArm","mixamorig:Hips/mixamorig:Spine/mixamorig:Spine1/mixamorig:Spine2/mixamorig:LeftShoulder/mixamorig:LeftArm/mixamorig:LeftForeArm/mixamorig:LeftHand","mixamorig:Hips/mixamorig:Spine/mixamorig:Spine1/mixamorig:Spine2/mixamorig:LeftShoulder/mixamorig:LeftArm/mixamorig:LeftForeArm/mixamorig:LeftHand/mixamorig:LeftHandThumb1","mixamorig:Hips/mixamorig:Spine/mixamorig:Spine1/mixamorig:Spine2/mixamorig:LeftShoulder/mixamorig:LeftArm/mixamorig:LeftForeArm/mixamorig:LeftHand/mixamorig:LeftHandThumb1/mixamorig:LeftHandThumb2","mixamorig:Hips/mixamorig:Spine/mixamorig:Spine1/mixamorig:Spine2/mixamorig:LeftShoulder/mixamorig:LeftArm/mixamorig:LeftForeArm/mixamorig:LeftHand/mixamorig:LeftHandThumb1/mixamorig:LeftHandThumb2/mixamorig:LeftHandThumb3","mixamorig:Hips/mixamorig:Spine/mixamorig:Spine1/mixamorig:Spine2/mixamorig:LeftShoulder/mixamorig:LeftArm/mixamorig:LeftForeArm/mixamorig:LeftHand/mixamorig:LeftHandThumb1/mixamorig:LeftHandThumb2/mixamorig:LeftHandThumb3/mixamorig:LeftHandThumb4","mixamorig:Hips/mixamorig:Spine/mixamorig:Spine1/mixamorig:Spine2/mixamorig:LeftShoulder/mixamorig:LeftArm/mixamorig:LeftForeArm/mixamorig:LeftHand/mixamorig:LeftHandIndex1","mixamorig:Hips/mixamorig:Spine/mixamorig:Spine1/mixamorig:Spine2/mixamorig:LeftShoulder/mixamorig:LeftArm/mixamorig:LeftForeArm/mixamorig:LeftHand/mixamorig:LeftHandIndex1/mixamorig:LeftHandIndex2","mixamorig:Hips/mixamorig:Spine/mixamorig:Spine1/mixamorig:Spine2/mixamorig:LeftShoulder/mixamorig:LeftArm/mixamorig:LeftForeArm/mixamorig:LeftHand/mixamorig:LeftHandIndex1/mixamorig:LeftHandIndex2/mixamorig:LeftHandIndex3","mixamorig:Hips/mixamorig:Spine/mixamorig:Spine1/mixamorig:Spine2/mixamorig:LeftShoulder/mixamorig:LeftArm/mixamorig:LeftForeArm/mixamorig:LeftHand/mixamorig:LeftHandIndex1/mixamorig:LeftHandIndex2/mixamorig:LeftHandIndex3/mixamorig:LeftHandIndex4","mixamorig:Hips/mixamorig:Spine/mixamorig:Spine1/mixamorig:Spine2/mixamorig:RightShoulder","mixamorig:Hips/mixamorig:Spine/mixamorig:Spine1/mixamorig:Spine2/mixamorig:RightShoulder/mixamorig:RightArm","mixamorig:Hips/mixamorig:Spine/mixamorig:Spine1/mixamorig:Spine2/mixamorig:RightShoulder/mixamorig:RightArm/mixamorig:RightForeArm","mixamorig:Hips/mixamorig:Spine/mixamorig:Spine1/mixamorig:Spine2/mixamorig:RightShoulder/mixamorig:RightArm/mixamorig:RightForeArm/mixamorig:RightHand","mixamorig:Hips/mixamorig:Spine/mixamorig:Spine1/mixamorig:Spine2/mixamorig:RightShoulder/mixamorig:RightArm/mixamorig:RightForeArm/mixamorig:RightHand/mixamorig:RightHandThumb1","mixamorig:Hips/mixamorig:Spine/mixamorig:Spine1/mixamorig:Spine2/mixamorig:RightShoulder/mixamorig:RightArm/mixamorig:RightForeArm/mixamorig:RightHand/mixamorig:RightHandThumb1/mixamorig:RightHandThumb2","mixamorig:Hips/mixamorig:Spine/mixamorig:Spine1/mixamorig:Spine2/mixamorig:RightShoulder/mixamorig:RightArm/mixamorig:RightForeArm/mixamorig:RightHand/mixamorig:RightHandThumb1/mixamorig:RightHandThumb2/mixamorig:RightHandThumb3","mixamorig:Hips/mixamorig:Spine/mixamorig:Spine1/mixamorig:Spine2/mixamorig:RightShoulder/mixamorig:RightArm/mixamorig:RightForeArm/mixamorig:RightHand/mixamorig:RightHandThumb1/mixamorig:RightHandThumb2/mixamorig:RightHandThumb3/mixamorig:RightHandThumb4","mixamorig:Hips/mixamorig:Spine/mixamorig:Spine1/mixamorig:Spine2/mixamorig:RightShoulder/mixamorig:RightArm/mixamorig:RightForeArm/mixamorig:RightHand/mixamorig:RightHandIndex1","mixamorig:Hips/mixamorig:Spine/mixamorig:Spine1/mixamorig:Spine2/mixamorig:RightShoulder/mixamorig:RightArm/mixamorig:RightForeArm/mixamorig:RightHand/mixamorig:RightHandIndex1/mixamorig:RightHandIndex2","mixamorig:Hips/mixamorig:Spine/mixamorig:Spine1/mixamorig:Spine2/mixamorig:RightShoulder/mixamorig:RightArm/mixamorig:RightForeArm/mixamorig:RightHand/mixamorig:RightHandIndex1/mixamorig:RightHandIndex2/mixamorig:RightHandIndex3","mixamorig:Hips/mixamorig:Spine/mixamorig:Spine1/mixamorig:Spine2/mixamorig:RightShoulder/mixamorig:RightArm/mixamorig:RightForeArm/mixamorig:RightHand/mixamorig:RightHandIndex1/mixamorig:RightHandIndex2/mixamorig:RightHandIndex3/mixamorig:RightHandIndex4","mixamorig:Hips/mixamorig:LeftUpLeg","mixamorig:Hips/mixamorig:LeftUpLeg/mixamorig:LeftLeg","mixamorig:Hips/mixamorig:LeftUpLeg/mixamorig:LeftLeg/mixamorig:LeftFoot","mixamorig:Hips/mixamorig:LeftUpLeg/mixamorig:LeftLeg/mixamorig:LeftFoot/mixamorig:LeftToeBase","mixamorig:Hips/mixamorig:LeftUpLeg/mixamorig:LeftLeg/mixamorig:LeftFoot/mixamorig:LeftToeBase/mixamorig:LeftToe_End","mixamorig:Hips/mixamorig:RightUpLeg","mixamorig:Hips/mixamorig:RightUpLeg/mixamorig:RightLeg","mixamorig:Hips/mixamorig:RightUpLeg/mixamorig:RightLeg/mixamorig:RightFoot","mixamorig:Hips/mixamorig:RightUpLeg/mixamorig:RightLeg/mixamorig:RightFoot/mixamorig:RightToeBase","mixamorig:Hips/mixamorig:RightUpLeg/mixamorig:RightLeg/mixamorig:RightFoot/mixamorig:RightToeBase/mixamorig:RightToe_End"],[[[7,0.9999998807907104,0.00045151420636102557,0.000020972962374798954,0,-0.0004515141772571951,0.9999998807907104,-0.0000020936772671120707,0,-0.00002097390461130999,0.000002084207608277211,1,0,0.0003608469560276717,-0.855355441570282,-0.005651423707604408,1],[7,1,1.9499990164262293e-11,-2.34469721416275e-10,0,-4.781447807133965e-12,0.9980380535125732,0.06261057406663895,0,2.352305850106262e-10,-0.06261057406663895,0.9980380535125732,0,-0.00007140609523048624,-0.955544114112854,-0.05919663980603218,1],[7,1,1.9499990164262293e-11,-2.34469721416275e-10,0,-4.781447807133965e-12,0.9980380535125732,0.06261057406663895,0,2.352305850106262e-10,-0.06261057406663895,0.9980380535125732,0,-0.00007140609523048624,-1.0748015642166138,-0.05919663980603218,1],[7,1,1.9499990164262293e-11,-2.34469721416275e-10,0,-4.781447807133965e-12,0.9980380535125732,0.06261057406663895,0,2.352305850106262e-10,-0.06261057406663895,0.9980380535125732,0,-0.00007140609523048624,-1.211095929145813,-0.05919663980603218,1],[7,1,4.781443904006144e-12,-2.3523061276620183e-10,0,-4.781447807133965e-12,1,-1.5606879344431945e-8,0,2.352305850106262e-10,1.5606879344431945e-8,1,0,-0.00007140609523048624,-1.3654563426971436,0.02634708397090435,1],[7,1,4.781443904006144e-12,-2.3523061276620183e-10,0,-4.781447807133965e-12,1,-1.5606879344431945e-8,0,2.352305850106262e-10,1.5606879344431945e-8,1,0,-0.00007140609523048624,-1.435280680656433,0.03719564899802208,1],[7,1,4.781443904006144e-12,-2.3523061276620183e-10,0,-4.781447807133965e-12,1,-1.5606879344431945e-8,0,2.352305850106262e-10,1.5606879344431945e-8,1,0,-0.00007140609523048624,-1.8926023244857788,0.10824940353631973,1],[7,-0.00821059849113226,0.991574764251709,-0.12927530705928802,0,-0.06268728524446487,-0.12953577935695648,-0.9895912408828735,0,-0.9979994297027588,-0.000021218100300757214,0.06322269886732101,0,0.058057863265275955,0.09199458360671997,1.3332630395889282,1],[7,4.589905984175857e-7,1,-0.0000023181130472949008,0,-0.06254173070192337,-0.0000022848689695820212,-0.9980423450469971,0,-0.9980423450469971,6.030708732396306e-7,0.06254173070192337,0,0.05705249682068825,-0.14917196333408356,1.3318021297454834,1],[7,0.0000013658491297974251,1,-0.0000024796354409772903,0,-0.063997283577919,-0.000002387141648796387,-0.9979500770568848,0,-0.9979500770568848,0.0000015217391364785726,0.063997283577919,0,0.05899443104863167,-0.39809754490852356,1.3317177295684814,1],[7,0.0000028602855763892876,1,-0.0000017246075003640726,0,0.3802301287651062,-0.000002682642389117973,-0.9248918890953064,0,-0.9248918890953064,0.000001989707243410521,-0.3802301287651062,0,-0.5311306118965149,-0.6014952659606934,1.222641944885254,1],[7,0.7031328678131104,0.6856409311294556,-0.18841618299484253,0,0.2487168312072754,-0.4853942096233368,-0.8381720781326294,0,-0.6661412119865417,0.5424840450286865,-0.5118270516395569,0,-0.7741647362709045,0.20805060863494873,1.2271766662597656,1],[7,0.5304184556007385,0.8265225887298584,-0.18845853209495544,0,0.3516978919506073,-0.41682082414627075,-0.8381938934326172,0,-0.7713396549224854,0.3783130347728729,-0.5117757320404053,0,-0.7979780435562134,-0.005372056271880865,1.2272323369979858,1],[7,0.5350179672241211,0.8224876523017883,-0.19305400550365448,0,0.3422561287879944,-0.4199266731739044,-0.8405488133430481,0,-0.7724095582962036,0.3836348056793213,-0.5061697363853455,0,-0.7862743735313416,-0.026919806376099586,1.2332569360733032,1],[7,0.5350179672241211,0.8224876523017883,-0.19305400550365448,0,0.3422561287879944,-0.4199266731739044,-0.8405488133430481,0,-0.7724095582962036,0.3836348056793213,-0.5061697363853455,0,-0.7842981219291687,-0.05034010484814644,1.2332569360733032,1],[7,0.09164515137672424,0.9957917332649231,-0.0000020607103579095565,0,0.3386958837509155,-0.03117295540869236,-0.9403793811798096,0,-0.9364220499992371,0.08618050813674927,-0.3401274085044861,0,-0.5388900637626648,-0.6386904716491699,1.2443400621414185,1],[7,-0.06506068259477615,0.997881293296814,-0.000001605296233719855,0,0.34418246150016785,0.02243877947330475,-0.9386346340179443,0,-0.9366459250450134,-0.061068762093782425,-0.344913125038147,0,-0.4361967146396637,-0.7554274201393127,1.2418882846832275,1],[7,-0.06834477931261063,0.9976617693901062,-0.000002143638084817212,0,0.3440355658531189,0.023566124960780144,-0.9386608600616455,0,-0.9364659786224365,-0.06415330618619919,-0.34484174847602844,0,-0.4314519464969635,-0.7884093523025513,1.2419254779815674,1],[7,-0.06834477931261063,0.9976617693901062,-0.000002143638084817212,0,0.3440355658531189,0.023566124960780144,-0.9386608600616455,0,-0.9364659786224365,-0.06415330618619919,-0.34484174847602844,0,-0.42983925342559814,-0.8119543790817261,1.2419254779815674,1],[7,-0.00816707406193018,-0.9915728569030762,0.1292925775051117,0,0.06268686801195145,-0.1295502632856369,-0.9895893335342407,0,0.9979998469352722,0.00002289755138917826,0.06321664899587631,0,-0.057897381484508514,0.0918288603425026,1.330737829208374,1],[7,4.039659415866481e-7,-1,0.00002179313923988957,0,0.0624733492732048,-0.00002172533277189359,-0.9980466365814209,0,0.9980466365814209,0.0000017646673313720385,0.0624733492732048,0,-0.05697186291217804,-0.14897187054157257,1.3318058252334595,1],[7,7.022647992016573e-7,-1,0.000021199499315116554,0,0.06408856809139252,-0.000021110910893185064,-0.9979442358016968,0,0.9979442358016968,0.000002059466623904882,0.06408856809139252,0,-0.059127092361450195,-0.3979306221008301,1.3317137956619263,1],[7,0.000009386699275637511,-1,0.000019615305063780397,0,-0.3348674774169922,-0.000021626121451845393,-0.9422652125358582,0,0.9422652125358582,0.0000022762324078939855,-0.3348674774169922,0,0.47112128138542175,-0.6014414429664612,1.2469977140426636,1],[7,0.6987484097480774,-0.6816579103469849,0.2170095592737198,0,-0.20510044693946838,-0.4815140962600708,-0.8521021008491516,0,0.6853352785110474,0.5508962273597717,-0.476265549659729,0,0.7165927886962891,0.20667947828769684,1.2648764848709106,1],[7,0.46724119782447815,-0.8570536971092224,0.21712817251682281,0,-0.3375149071216583,-0.3998910188674927,-0.8521565794944763,0,0.817171573638916,0.32487866282463074,-0.4761139452457428,0,0.7403130531311035,-0.045998137444257736,1.2650243043899536,1],[7,0.5845301747322083,-0.7817904353141785,0.21709027886390686,0,-0.27718979120254517,-0.4438745975494385,-0.8521391749382019,0,0.7625551223754883,0.4379258453845978,-0.4761624038219452,0,0.7390475869178772,0.03100769780576229,1.264976978302002,1],[7,0.5845301747322083,-0.7817904353141785,0.21709027886390686,0,-0.27718979120254517,-0.4438745975494385,-0.8521391749382019,0,0.7625551223754883,0.4379258453845978,-0.4761624038219452,0,0.7387675642967224,0.008105010725557804,1.264976978302002,1],[7,0.05477931722998619,-0.9984984993934631,0.00001897941911011003,0,-0.3208193778991699,-0.0176186952739954,-0.9469764828681946,0,0.9455549120903015,0.05186863988637924,-0.3213028013706207,0,0.48963600397109985,-0.6524384021759033,1.2536336183547974,1],[7,-0.045357346534729004,-0.9989708065986633,0.00001818568489397876,0,-0.3223119080066681,0.014617043547332287,-0.9465206861495972,0,0.9455462694168091,-0.04293752461671829,-0.3226431906223297,0,0.42187342047691345,-0.7384898662567139,1.2529902458190918,1],[7,-0.023692499846220016,-0.9997193217277527,0.0000179183352884138,0,-0.324666827917099,0.007677376735955477,-0.9457972645759583,0,0.9455316662788391,-0.02241411991417408,-0.32475757598876953,0,0.4397827982902527,-0.7628886103630066,1.2519701719284058,1],[7,-0.023692499846220016,-0.9997193217277527,0.0000179183352884138,0,-0.324666827917099,0.007677376735955477,-0.9457972645759583,0,0.9455316662788391,-0.02241411991417408,-0.32475757598876953,0,0.43910107016563416,-0.7916555404663086,1.2519701719284058,1],[7,-0.9999890923500061,0.004595734644681215,0.0008466782164759934,0,-0.004509787540882826,-0.9965516924858093,0.08285173028707504,0,0.001224523177370429,0.08284700661897659,0.9965615272521973,0,0.09036154299974442,0.7955604195594788,-0.067005455493927,1],[7,-0.9999864101409912,-0.0051843575201928616,0.0005160650471225381,0,0.005026445258408785,-0.9860743880271912,-0.16622890532016754,0,0.0013706686440855265,-0.16622406244277954,0.9860870838165283,0,0.08609113097190857,0.44653624296188354,0.04475776478648186,1],[7,-0.9997485280036926,0.003970403224229813,0.02207053080201149,0,0.014419561251997948,-0.6399312615394592,0.7682968974113464,0,0.017174070701003075,0.7684219479560852,0.6397130489349365,0,0.08510899543762207,0.10566459596157074,-0.09489213675260544,1],[7,-0.9997552037239075,-0.010232408531010151,-0.01961817778646946,0,-0.01926686055958271,-0.033370885998010635,0.9992573261260986,0,-0.010879484936594963,0.9993906617164612,0.033165570348501205,0,0.08918610215187073,-0.13497187197208405,-0.010378646664321423,1],[7,-0.9997552037239075,-0.010232408531010151,-0.01961817778646946,0,-0.01926686055958271,-0.033370885998010635,0.9992573261260986,0,-0.010879484936594963,0.9993906617164612,0.033165570348501205,0,0.08918610215187073,-0.20968694984912872,-0.010378646664321423,1],[7,-0.9999890327453613,-0.00460192933678627,-0.000848065537866205,0,0.004516004119068384,-0.9965623617172241,0.08272294700145721,0,-0.0012258352944627404,0.08271820843219757,0.9965721964836121,0,-0.09036815911531448,0.7957126498222351,-0.06611251085996628,1],[7,-0.9999864101409912,0.005193545017391443,-0.0005024567944929004,0,-0.005041535012423992,-0.9865338206291199,-0.1634797304868698,0,-0.0013447299133986235,-0.16347497701644897,0.9865465760231018,0,-0.08608776330947876,0.4466626048088074,0.044377975165843964,1],[7,-0.9997442364692688,-0.0040022446773946285,-0.022259483113884926,0,-0.01442820392549038,-0.645057737827301,0.7639976143836975,0,-0.01741635799407959,0.7641233801841736,0.6448349952697754,0,-0.08511191606521606,0.1062750592827797,-0.09420212358236313,1],[7,-0.9997537732124329,0.010366108268499374,0.019619423896074295,0,0.019258858636021614,-0.033807363361120224,0.9992427825927734,0,0.011021539568901062,0.9993746280670166,0.03359939903020859,0,-0.08918114751577377,-0.13282951712608337,-0.010365649126470089,1],[7,-0.9997537732124329,0.010366108268499374,0.019619423896074295,0,0.019258858636021614,-0.033807363361120224,0.9992427825927734,0,0.011021539568901062,0.9993746280670166,0.03359939903020859,0,-0.08918114751577377,-0.2065800279378891,-0.010365649126470089,1]],8,8,8,8,8,8,8,8,8,8,8,8,8,8,8,8,8,8,8,8,8,8,8,8,8,8,8,8,8,8,8,8,8,8,8,8,8,8,8,8,8]]],0,0,[],[],[]],[[[8,".bin",1965750754,[{"primitives":[{"primitiveMode":7,"jointMapIndex":0,"vertexBundelIndices":[0],"indexView":{"offset":305928,"length":46020,"count":23010,"stride":2}}],"vertexBundles":[{"view":{"offset":0,"length":305928,"count":4249,"stride":72},"attributes":[{"name":"a_position","format":32,"isNormalized":false},{"name":"a_normal","format":32,"isNormalized":false},{"name":"a_texCoord","format":21,"isNormalized":false},{"name":"a_tangent","format":44,"isNormalized":false},{"name":"a_joints","format":42,"isNormalized":false},{"name":"a_weights","format":44,"isNormalized":false}]}],"jointMaps":[[0,1,2,3,4,5,7,8,9,10,11,12,13,15,16,17,19,20,21,22,23,24,25,27,28,29,31,32,33,34,36,37,38,39]]},"minPosition",8,[1,-0.7818496823310852,-0.00017728412058204412,-0.2997227609157562],"maxPosition",8,[1,0.7813382148742676,1.899092435836792,0.25382548570632935]]],-1],0,0,[],[],[]],[[[9,"renwu02"],[10,"renwu02",[-3,-4],[[14,-2,[6,"14UIqeFwJUDZgVH3wjsuHP"],[3],4]],[0,"a52JqV3uJalZ2YHVtRwx5M",null,null,null,-1,0]],[4,"mixamorig:Hips",1,[-5,-6,-7],[0,"9bYE7jzSRX7pIUEM0Ydv1h",null,null,null,1,0],[1,0.000025476763767073862,0.5363112688064575,-0.20769102871418]],[11,"mixamorig:Spine2",[-8,-9,-10],[0,"8anoylHelfN7Z0pYnaYaVW",null,null,null,1,0],[1,0,0.13629432022571564,0]],[5,"mixamorig:LeftHand",[-11,-12],[0,"a6tHiDbh9Q2pPmh+e4Uste",null,null,null,1,0],[1,1.776356799695581e-17,0.20339809358119965,-2.8421708795129297e-16],[3,-0.01359487064445599,0.22414043857153232,-0.09109909213996469,0.9701944128371364],[1,0.8426576420172661,26.0949034703423,-10.536506683733691]],[5,"mixamorig:RightHand",[-13,-14],[0,"ecz8oISb5TjK2UT+oZ70Um",null,null,null,1,0],[1,-1.776356799695581e-17,0.20351152122020721,-2.8421708795129297e-16],[3,0.0030729973875249367,-0.20076014527582953,0.08027741483355176,0.976340851047177],[1,2.218160794097015,-23.412545946501776,8.947093145069127]],[12,"d",1,[[15,-15,[6,"a8d3ReexlWHK0+r89gM8qo"],[0],[16],1,1,2]],[0,"57WcnBF09TkIdDwVrwWPwi",null,null,null,1,0]],[1,"mixamorig:Spine",2,[-16],[0,"52XB2IgaNfGrmnR6ZFgHVq",null,null,null,1,0],[1,0,0.10202018916606903,-0.006400099024176598],[3,-0.03132065738340902,0,0,0.9995093878603999],[1,-3.589670023722472,0,0]],[4,"mixamorig:Spine1",7,[3],[0,"b8R4E6OzdSi6uBf8wL8BQ3",null,null,null,1,0],[1,0,0.11925748735666275,0]],[1,"mixamorig:Neck",3,[-17],[0,"72jckOPNpej6C3ccXZmnPy",null,null,null,1,0],[1,0,0.153330996632576,-2.406197463500348e-9],[3,0.03132066110504484,0,0,0.9995093877437784],[1,3.5896704503998556,0,0]],[13,"mixamorig:Head",9,[[2,"mixamorig:HeadTop_End",-18,[0,"4ahrG8liRYlZ862NdcF/CT",null,null,null,1,0],[1,0,0.4573216140270233,-0.07105375081300735]]],[0,"5dHP6y+75cQYkhyxBqxjlN",null,null,null,1,0],[1,0,0.06982436776161194,-0.01084856502711773]],[1,"mixamorig:LeftShoulder",3,[-19],[0,"82Hv+LG0Fat4F0fK3swS/T",null,null,null,1,0],[1,0.08154378086328506,0.12287619709968567,-0.0019123011734336615],[3,-0.530905705719039,-0.46640662770682423,0.5355619012030293,-0.4623607241601669],[1,97.895967704446,90.49981947017847,-0.0005556129990181028]],[1,"mixamorig:LeftArm",11,[-20],[0,"12z7NY0W5Zg5W332yBIB7Y",null,null,null,1,0],[1,-0.00041463650995865464,0.06727287173271179,-0.006577935069799423],[3,0.44301495110122374,-0.0012006242801290328,-0.0024296513377455586,0.8965101273251159],[1,52.59301933383505,4.851450064144901e-9,-0.3105562808646]],[1,"mixamorig:LeftForeArm",12,[4],[0,"40HhpHS25faIUzjTxGui8W",null,null,null,1,0],[1,4.3961026818806204e-8,0.24892574548721313,-2.2202335969723208e-7],[3,0.03554677190843748,0.0013047911824831111,0.036658402250234264,0.9986945909893173],[1,4.076963271502002,3.791680453580881e-9,4.204346751938166]],[1,"mixamorig:LeftHandThumb1",4,[-21],[0,"29G+P8OgVcaJ9yeJi6zjHk",null,null,null,1,0],[1,-0.027989111840724945,0.031413786113262177,2.1303905306524484e-9],[3,4.0382397765751885e-7,1.8611541579199727e-7,0.4185670342230261,0.9081859049013822],[1,0.000050953025659488245,-1.2999269343383555e-12,49.48830276139421]],[1,"mixamorig:LeftHandThumb2",14,[-22],[0,"c8mn63GdlUGp0nPZMM5gnI",null,null,null,1,0],[1,0.004561004228889942,0.033348724246025085,-7.105427198782324e-17],[3,-0.0015672772792884365,-4.3500683035947355e-20,2.7755541526791902e-17,0.9999987718202107],[1,-0.17959682038568195,0,3.1805546814635168e-15]],[3,"mixamorig:LeftHandThumb3",15,[[2,"mixamorig:LeftHandThumb4",-23,[0,"fa/P95NHpZEKW5kSmgfahP",null,null,null,1,0],[1,-0.001976253930479288,0.023420298472046852,-1.4210854397564648e-16]]],[0,"e4JN6cJqBdRYYtK4Z/zVle",null,null,null,1,0],[1,-0.002584750298410654,0.028170442208647728,0],[3,0.04339942585537335,2.409152092007391e-18,5.545884868275894e-17,0.9990578010482796],[1,4.9747703755806,0,6.361109362927032e-15]],[1,"mixamorig:LeftHandIndex1",4,[-24],[0,"62gsiN6FhYuI4SQ3PvYls8",null,null,null,1,0],[1,0,0.0838930606842041,6.562631771345195e-9],[3,-0.1483211649828556,-0.014443528677612588,0.095839372700109,0.984178353317079],[1,-17.14059683205222,-1.0042570236280448e-7,11.12386227927587]],[1,"mixamorig:LeftHandIndex2",17,[-25],[0,"c2gsIy2DBQsLe/w8gau/rt",null,null,null,1,0],[1,0.003670632606372237,0.039889201521873474,2.1316281596346973e-16],[3,0.18710510098113203,-2.596604889175847e-18,-1.3632704701864252e-17,0.9823399010458856],[1,21.567778367170217,0,-1.5902773407317584e-15]],[3,"mixamorig:LeftHandIndex3",18,[[2,"mixamorig:LeftHandIndex4",-26,[0,"e1W1E9eW1bFav5EmiINS76",null,null,null,1,0],[1,-0.0016126924892887473,0.023545045405626297,-7.105427198782324e-17]]],[0,"a28hYZ8TtZL59ayKIxy5H7",null,null,null,1,0],[1,-0.002057940000668168,0.03156436234712601,0],[3,0.0005701816500677261,1.1869289927324128e-20,2.0816678741486066e-17,0.9999998374464298],[1,0.06533800774968064,-2.702316559513473e-26,2.385416058491589e-15]],[1,"mixamorig:RightShoulder",3,[-27],[0,"97Os6gFDlXwYWE5mo9Cwtt",null,null,null,1,0],[1,-0.08154378086328506,0.12034928053617477,-0.0020673086401075125],[3,0.5309179469628749,-0.46639585884941104,0.5355512544585834,0.4623698630843966],[1,97.89615213192315,-90.4973614930213,0.0005532877387491]],[1,"mixamorig:RightArm",20,[-28],[0,"a4uuF4rAhQaon5800L+0O9",null,null,null,1,0],[1,0.0005772456643171608,0.06691402196884155,-0.00907753687351942],[3,0.42726275759640037,0.001324810450409169,0.002803404844024823,0.9041221829872721],[1,50.5882060540181,3.684319707692174e-9,0.3553120471587838]],[1,"mixamorig:RightForeArm",21,[5],[0,"9cEMh1KyJawa2PmkgB7ws5",null,null,null,1,0],[1,-3.870343689982292e-8,0.24895793199539185,-0.0000020879713247268228],[3,0.07996571826604816,-0.003307172570185805,-0.0411894992897958,0.995940747062817],[1,9.181048974376917,-2.8158609768464526e-9,-4.736507315670542]],[1,"mixamorig:RightHandThumb1",5,[-29],[0,"638BlaMNVZdrvnAazbbSru",null,null,null,1,0],[1,0.025250444188714027,0.03285352885723114,1.976800412251123e-8],[3,5.92205875672683e-7,-2.4995756435139914e-7,-0.3888599254681417,0.921296889370901],[1,0.00007365898629906047,1.0126005745909195e-12,-45.76715843765762]],[1,"mixamorig:RightHandThumb2",23,[-30],[0,"e3WdQbHqNRnr8NP7Htu8s5",null,null,null,1,0],[1,-0.004740649834275246,0.03280806541442871,0],[3,0.017076205187919396,4.739599043212915e-19,2.7751528602294864e-17,0.9998541909780545],[1,1.956884086110479,0,3.180554681463516e-15]],[3,"mixamorig:RightHandThumb3",24,[[2,"mixamorig:RightHandThumb4",-31,[0,"c2rpLc9I1QUrcK6xx/S9N1",null,null,null,1,0],[1,0.0002800326910801232,0.022902686148881912,1.4210854397564648e-16]]],[0,"728h4I109atLx0eZW4PwPE",null,null,null,1,0],[1,0.004460617434233427,0.028530845418572426,-7.105427198782324e-17],[3,-0.00038127190284004326,-2.7744990649620337e-17,-2.7766156546857506e-17,0.9999999273158654],[1,-0.04369054281784936,-3.1805546210407587e-15,-3.180554741932368e-15]],[1,"mixamorig:RightHandIndex1",5,[-32],[0,"d8I01R5ThTRLZxL04VT3HQ",null,null,null,1,0],[1,7.105427198782324e-17,0.07683416455984116,-9.719759219706248e-8],[3,-0.14888119760275864,0.003022122908073523,-0.02006843135762601,0.9886468094503422],[1,-17.12774590180485,8.750723390282125e-9,-2.325761877479819]],[1,"mixamorig:RightHandIndex2",26,[-33],[0,"70XEvEwdxTo6xQ8Lkugpbx",null,null,null,1,0],[1,-0.0022084396332502365,0.04025254398584366,7.105427198782324e-17],[3,0.1485124501601808,-2.95088042436409e-17,-9.601842066851876e-18,0.9889105379898729],[1,17.08146140839365,-3.1805545408583662e-15,-1.5902773196159805e-15]],[3,"mixamorig:RightHandIndex3",27,[[2,"mixamorig:RightHandIndex4",-34,[0,"5akMB2nK5TOqpGjkbzBpOO",null,null,null,1,0],[1,0.0006817357498221099,0.028766922652721405,-7.105427198782324e-17]]],[0,"96IZsR/Alc55fICtHxNyAo",null,null,null,1,0],[1,0.0015267039416357875,0.033625103533267975,0],[3,-0.03233358959663238,3.926288456264467e-19,-1.2136714708162398e-17,0.9994771327968424],[1,-3.7058023441427923,5.213000445987446e-26,-1.3914926257232245e-15]],[1,"mixamorig:LeftUpLeg",2,[-35],[0,"27GcGiZZNbV6p6mLDgPM6y",null,null,null,1,0],[1,0.08676126599311829,-0.05654029920697212,-0.00489666685461998],[3,0.0013449640427382946,0.6707570643230824,0.7416749100512546,0.0012163605006440435],[1,-95.74882254019606,-179.97918503075394,0.20675664624853204]],[1,"mixamorig:LeftLeg",29,[-36],[0,"7dpu+vPB1eZYd22tIgwkZx",null,null,null,1,0],[1,0,0.3526669442653656,-7.105427198782324e-17],[3,-0.6583150836627181,0.0034035736390904516,-0.003891683541410919,0.7527247312981322],[1,-82.34433489392742,8.7993848833826e-9,-0.592447807379803]],[1,"mixamorig:LeftFoot",30,[-37],[0,"a22tG2XVNRpZykr/GctU3Z",null,null,null,1,0],[1,1.776356799695581e-17,0.3123791515827179,-1.776356799695581e-17],[3,0.409232202217482,-0.007201159891824891,0.0032298979588219253,0.9123961396913173],[1,48.3148248918987,-0.9044043094019696,-1.0522451840601955e-8]],[3,"mixamorig:LeftToeBase",31,[[2,"mixamorig:LeftToe_End",-38,[0,"ea6ncc0jJWcanSDIsqqiN8",null,null,null,1,0],[1,-3.552713599391162e-17,0.07471508532762527,2.2204459996194763e-18]]],[0,"d4V0NBWW9SHr/zJBI9U6lb",null,null,null,1,0],[1,0,0.20582060515880585,3.552713599391162e-17],[3,0.3245230248983415,0.02073214532121961,-0.007114942036205242,0.9456237952066516],[1,37.882808192746936,2.511937965185482,2.4433720785032657e-9]],[1,"mixamorig:RightUpLeg",2,[-39],[0,"77muqN5PNVl5sEihv5RoeZ",null,null,null,1,0],[1,-0.08676126599311829,-0.05654029920697212,-0.005699727684259415],[3,-0.0013440314114272084,0.6714854190254828,0.741015547938743,-0.001217919858387412],[1,-95.63623818963826,179.97958735744234,-0.20683764568918112]],[1,"mixamorig:RightLeg",33,[-40],[0,"c2ING5DSJZK4KIa72TS/xw",null,null,null,1,0],[1,-1.776356799695581e-17,0.3525978922843933,-7.105427198782324e-17],[3,-0.6590427372289936,-0.0034059089307253796,0.0038867622001708757,0.752087736484029],[1,-82.45515548768358,6.988030079098098e-9,0.5921997511678762]],[1,"mixamorig:RightFoot",34,[-41],[0,"22xdG5ChtVD5i9+Xnpkidh",null,null,null,1,0],[1,0,0.31237947940826416,0],[3,0.40616442692880533,0.0073353390157005795,-0.003260526255333182,0.9137647509439496],[1,47.92987456823101,0.9198755878773176,-2.2231931365180138e-8]],[3,"mixamorig:RightToeBase",35,[[2,"mixamorig:RightToe_End",-42,[0,"d7UYPLxGJXS5YiIvu1EIuA",null,null,null,1,0],[1,-1.776356799695581e-17,0.07375050336122513,2.2204459996194763e-18]]],[0,"44YaBhpg5TaIGL9ELn8hS4",null,null,null,1,0],[1,0,0.2041848599910736,0],[3,0.32747814228382444,-0.020826682555945816,0.007220274806058596,0.9446016002801256],[1,38.24121293201828,-2.5261183242735425,-2.029311597114638e-8]]],0,[0,2,1,0,1,1,0,-1,6,0,-2,2,0,-1,7,0,-2,29,0,-3,33,0,-1,9,0,-2,11,0,-3,20,0,-1,14,0,-2,17,0,-1,23,0,-2,26,0,1,6,0,-1,8,0,-1,10,0,0,10,0,-1,12,0,-1,13,0,-1,15,0,-1,16,0,0,16,0,-1,18,0,-1,19,0,0,19,0,-1,21,0,-1,22,0,-1,24,0,-1,25,0,0,25,0,-1,27,0,-1,28,0,0,28,0,-1,30,0,-1,31,0,-1,32,0,0,32,0,-1,34,0,-1,35,0,-1,36,0,0,36,0,3,1,3,0,8,4,0,13,5,0,22,42],[0,0,0,0,0],[-1,4,5,-1,6],[1,2,3,0,0]],[[[17,"blinn1",[{"rasterizerState":{},"blendState":{"targets":[{}]},"depthStencilState":{}}],[{"USE_ALBEDO_MAP":true,"DCC_APP_NAME":5}],[[[{"albedoScale":0.800000011920929,"specularFactor":1,"shininessExponent":6.311790943145752,"emissiveScale":1},"mainColor",8,[4,4294967295],"specularColor",8,[4,4278190080],"emissive",8,[4,4278190080],"mainTexture",6,0]],11]]],0,0,[0,0],[7,8],[4,5]]]]
